0.499950954903871
0.9999521205938982
0.9999521205938982
0.9999521205938982
0.9999521205938982
0.9999521205938982
0.9999521205938982
0.9999521205938982
0.9999521205938982
0.9999521205938982
0.9999521205938982
0.9999521205938982
0.9999521205938982
0.9999521205938982
0.9999521205938982
0.9999521205938982
0.9999521205938982
0.9999521205938982
0.9999521205938982
0.9999521205938982
0.9999521205938982
0.9999521205938982
0.9999521205938982
0.9999521205938982
0.9999521205938982
0.9999521205938982
0.9999521205938982
0.9999521205938982
0.9999521205938982
0.9999521205938982
0.9999521205938982
0.9999521205938982
0.9999521205938982
0.9999521205938982
0.9999521205938982
0.9999521205938982
0.9999521205938982
0.9999521205938982
0.9999521205938982
0.9999521205938982
0.9999521205938982
0.9999521205938982
0.9999521205938982
0.9999521205938982
0.9999521205938982
0.9999521205938982
0.9999521170214485
0.9999521094240665
1.4999520966282844
0.4999521156305491
1.4999520779213757
0.49995210066689916
0.49995201037567333
1.499951955348918
0.9999521205938982
0.9999521205938982
0.9999521205938982
0.9999521205938982
0.9999521205938982
0.9999521205938982
0.9999521205938982
0.9999521205938982
0.9999521205938982
0.9999521205938982
0.9999521205938982
0.9999521205938982
0.9999521205938982
0.9999521205938982
0.9999521205938982
0.9999521205938982
0.9999521205938982
0.9999521205938982
0.9999521205938982
0.9999521205938982
0.9999521205938982
0.9999521205938982
0.9999521205938982
0.9999521205938982
0.9999521205938982
0.9999521205938982
0.9999521205938982
0.9999521205938982
0.9999521205938982
0.9999521205938982
0.9999521079814924
1.4999520941507323
1.4999520988847772
1.4999520779213757
1.499952061671759
0.49995201037567333
1.4999519536153105
0.9999521205938982
0.9999521205938982
0.9999521205938982
0.9999521205938982
0.9999521205938982
0.9999521205938982
0.9999521205938982
0.9999521205938982
0.9999521205938982
0.9999521205938982
0.9999521205938982
0.9999521205938982
0.9999521205938982
0.9999521205938982
0.9999521205938982
0.9999521205938982
0.9999521205938982
0.9999521205938982
0.9999521205938982
0.9999521205938982
0.9999521205938982
0.9999521079814924
1.4999520892242246
1.4999520808400286
1.4999520727327782
1.499952051276581
1.4999519570247843
0.9999521205938982
0.9999521205938982
0.9999521205938982
0.9999521205938982
0.4999521156835566
0.4999521107886635
0.49995211609223483
0.4999520414599481
0.9999520585268338
0.9999520585268338
0.9999521204894222
0.9999521205180337
0.9999521205421287
0.9999521205560397
0.999952120568445
0.9999521205795078
0.9999521205795078
0.9999521205624199
0.9999521205938982
0.9999521205938982
0.9999521205938982
0.9999521205938982
0.9999521205938982
0.9999521205938982
0.9999521205938982
0.9999521205938982
0.9999521205938982
0.9999521205938982
0.9999521205938982
0.9999521205938982
0.9999521205938982
0.9999521205938982
0.9999521205938982
0.9999521205938982
0.9999521205938982
0.9999521205938982
0.9999521205938982
0.9999521205938982
0.9999521205938982
0.9999521205938982
0.9999521177718893
0.9999521177718893
0.9999521118083656
0.9999521118083656
0.9999521086569433
0.9999521205938982
0.4999521051326468
0.4999521156305491
0.4999521084377421
0.49995209654721323
0.4999520922612661
1.4999519570247843
0.9999521205938982
0.9999521205938982
0.9999521205938982
0.9999521205938982
0.9999521205938982
0.9999521205938982
0.9999521205938982
0.9999521205938982
0.9999521205938982
0.9999521205938982
0.9999521205938982
0.9999521205938982
0.9999521205938982
0.9999521205938982
0.9999521205938982
0.9999521205938982
0.9999521205938982
0.9999521205938982
0.9999521205938982
0.9999521205938982
0.9999521205938982
0.9999521205938982
0.9999521205938982
0.9999521205938982
0.9999521205938982
0.9999521205938982
0.9999521205938982
1.4999521072453608
0.9999521205938982
0.9999520909866731
0.9999520852603074
0.9999521205938982
0.9999521205938982
0.9999521205938982
0.9999521205938982
0.9999521205938982
0.9999521205938982
0.9999521205938982
0.9999521205938982
0.9999521205938982
0.9999521205938982
0.9999521205938982
0.9999521205938982
0.9999521205938982
0.9999521205938982
0.9999521205938982
0.9999521170214485
0.9999521094240665
1.4999520966282844
1.4999520727327782
1.499952067319804
0.4999520350415952
1.4999519464240503
0.9999521205938982
0.9999521205938982
0.9999521205938982
0.9999521205938982
0.9999521205938982
0.9999521205938982
0.9999521205938982
0.9999521205938982
0.9999521205938982
0.9999521205938982
0.9999521205938982
0.9999521205938982
0.9999521205938982
0.9999521205938982
0.9999521205938982
0.9999521205938982
0.9999521205938982
0.9999521205938982
0.9999521205938982
0.9999521205938982
0.9999521205938982
0.9999521205938982
0.9999521205938982
0.9999521205938982
0.9999521205938982
0.9999521205938982
0.9999521205938982
0.9999521205938982
0.9999521205938982
0.9999521205938982
0.9999521205938982
0.9999521205938982
0.9999521205938982
0.9999521205938982
0.9999521205938982
0.9999521205938982
0.9999521205938982
0.9999521205938982
0.9999521205938982
0.9999521205938982
0.9999521205938982
0.9999521205938982
0.9999521205938982
0.9999521205938982
0.9999521205938982
0.9999521205938982
0.9999521205938982
0.9999521133004617
1.499952100838163
0.9999521148449878
0.4999521156305491
1.4999520779213757
0.49995209654721323
0.49995201037567333
1.4999519464240503
0.9999521205938982
0.9999521205938982
0.9999521205938982
0.9999521205938982
0.9999521205938982
0.9999521205938982
0.9999521205938982
0.9999521205938982
0.9999521205938982
0.9999521205938982
0.9999521205938982
0.999952111028335
0.999952100417621
0.4999520926966746
0.4999520787379402
0.49995205755890176
0.49995206346493615
0.49995206491616684
0.9999520623093436
0.9999520675471372
0.999952072595425
0.999952072595425
0.9999520811802943
0.9999520811802943
0.9999520811802943
0.9999520857709737
0.9999520857715978
0.9999520892663982
0.9999520892669911
0.9999520892669911
0.9999520935984727
0.9999520935984727
0.9999520968842499
0.9999521009719382
0.9999521009719382
0.9999521009724529
0.9999521009724529
0.9999521040628842
0.9999521040628842
0.9999521040628842
0.9999521040628842
0.9999521040628842
0.9999521070506945
0.9999521070506945
0.9999521070506945
0.9999521070506945
0.9999521070511569
0.9999521099402314
0.9999521099402314
0.9999521099402314
0.9999521099402314
0.9999521127352093
0.9999521127352093
0.9999521127352093
0.9999521127352093
0.9999521127352093
0.9999521154400188
0.9999521154400188
0.9999521154400188
0.9999521154400188
0.9999521154400188
0.9999521180583969
0.9999521180583969
0.9999521180583969
0.9999521139199095
0.9999521051350774
1.4999520941507323
1.4999520725005742
1.499952067319804
1.4999520444157843
0.49995194880419086
0.4999521092515588
0.49995209616296443
0.499952097345625
0.9999521009724529
0.9999521009724529
0.9999521040628842
0.9999521040628842
0.9999521040628842
0.9999521040628842
0.9999521040633708
0.9999521070506945
0.9999521070506945
0.9999521070511569
0.9999521070511569
0.9999521099402314
0.9999521099402314
0.9999521099402314
0.9999521099402314
0.9999521099402314
0.9999521127352093
0.9999521127352093
0.9999521127352093
0.9999521127352093
0.9999521127352093
0.9999521154400188
0.9999521154400188
0.9999521154400188
0.9999521154400188
0.9999521154400188
0.9999521180583969
0.9999521180583969
0.9999521180583969
0.9999521180583969
0.9999521180583969
0.9999521205938982
0.9999521205938982
0.9999521205938982
0.9999521205938982
0.9999521205938982
0.9999521205938982
0.9999521205938982
0.9999521205938982
0.9999521205938982
0.9999521205938982
0.9999521205938982
0.9999521205938982
0.9999521205938982
0.9999521205938982
0.9999521205938982
0.9999521205938982
0.9999521205938982
0.9999521205938982
0.9999521205938982
0.9999521205938982
0.9999521205938982
0.9999521205938982
0.9999521205938982
0.9999521205938982
0.9999521205938982
0.9999521205938982
0.9999521205938982
0.9999521205938982
0.9999521205938982
0.9999521205938982
0.9999521205938982
0.9999521205938982
0.9999521205938982
0.9999521205938982
0.9999521205938982
0.9999521205938982
0.9999521205938982
0.9999521205938982
0.9999521205938982
0.9999521205938982
0.9999521205938982
0.9999521205938982
0.9999521205938982
0.9999521205938982
0.9999521205938982
0.9999521205938982
0.9999521205938982
0.9999521205938982
0.9999521205938982
0.9999521205938982
0.9999521205938982
0.9999521205938982
0.9999521205938982
0.9999521205938982
0.9999521205938982
0.9999521205938982
0.9999521205938982
0.9999521205938982
0.9999521205938982
0.9999521205938982
0.9999521205938982
0.9999521205938982
0.9999521205938982
0.9999521205938982
0.9999521205938982
0.9999521205938982
0.9999521205938982
0.9999521205938982
0.9999521205938982
0.9999521205938982
0.9999521205938982
0.9999521205938982
0.9999521205938982
0.9999521205938982
0.9999521205938982
0.9999521205938982
0.9999521205938982
0.9999521205938982
0.9999521205938982
0.9999521205938982
0.9999521147691831
0.4999521221396179
0.4999520926966746
0.49995208324706547
0.4999520568401439
0.49995206346493615
0.49995206491616684
0.9999520675471372
0.999952072595425
0.999952072595425
0.999952077461654
0.9999520811802943
0.9999520811802943
0.9999520811802943
0.9999520857709737
0.9999520857715978
0.9999520892663982
0.9999520892663982
0.9999520892669911
0.9999520935984727
0.9999520968842499
0.9999521009724529
0.9999521009724529
0.9999521009724529
0.9999521009724529
0.9999521040623951
0.9999521040628842
0.9999521040628842
0.9999521040628842
0.9999521040628842
0.9999521070506945
0.9999521070506945
0.9999521070511569
0.9999521070511569
0.9999521070511569
0.9999521099402314
0.9999521099402314
0.9999521099402314
0.9999521099402314
0.9999521099402314
0.9999521048863056
1.4999520872834868
1.4999520687883983
1.4999520511325644
0.49995206721384094
1.499951914362205
0.4999520030894962
0.4999520787253083
0.49995208002503955
0.9999520857715978
0.9999520892663982
0.9999520892663982
0.9999520892663982
0.9999520935979064
0.9999520935984727
0.9999520968842499
0.9999520968842499
0.9999521009719382
0.9999521009724529
0.9999521009724529
0.9999521040623951
0.9999521040628842
0.9999521040628842
0.9999521040628842
0.9999521040628842
0.9999521070502296
0.9999521070506945
0.9999521070506945
0.9999521070506945
0.9999521070506945
0.9999521099402314
0.9999521099402314
0.9999521099402314
0.9999521099402314
0.9999521099402314
0.9999521127352093
0.9999521127352093
0.9999521127352093
0.9999521127352093
0.9999521127352093
0.9999521154400188
0.9999521154400188
0.9999521154400188
0.9999521154400188
0.9999521154400188
0.9999521180583969
0.9999521180583969
0.9999521180583969
0.9999521180583969
0.9999521180583969
0.9999521205938982
0.9999521205938982
0.9999521205938982
0.9999521205938982
0.9999521205938982
0.9999521205938982
0.9999521205938982
0.9999521205938982
0.9999521205938982
0.9999521205938982
0.9999521205938982
0.9999521205938982
0.9999521205938982
0.9999521205938982
0.9999521205938982
0.9999521205938982
0.9999521205938982
0.9999521205938982
0.9999521205938982
0.9999521205938982
0.9999521205938982
0.9999521205938982
0.9999521205938982
0.9999521205938982
0.9999521205938982
0.9999521205938982
0.9999521205938982
0.9999521205938982
0.9999521205938982
0.9999521205938982
0.9999521205938982
0.9999521205938982
0.9999521205938982
0.9999521205938982
0.9999521205938982
0.9999521205938982
0.9999521205938982
0.9999521205938982
0.9999521205938982
0.9999521205938982
0.9999521205938982
0.9999521205938982
0.9999521205938982
0.9999521205938982
0.9999521205938982
0.9999521205938982
0.9999521205938982
0.9999521205938982
0.9999521178315485
0.999952114951141
0.9999521205938982
0.9999521205938982
0.9999521205938982
0.9999521205938982
0.9999521205938982
0.9999521205938982
0.9999521205938982
0.9999521205938982
0.9999521205938982
0.9999521205938982
0.9999521205938982
0.9999521205938982
0.9999521205938982
0.9999521205938982
0.9999521205938982
0.9999521205938982
0.9999521205938982
0.9999521205938982
0.9999521205938982
0.9999521205938982
0.9999521205938982
0.9999521205938982
0.9999521205938982
0.9999521205938982
0.9999521205938982
0.9999521205938982
0.9999521205938982
0.9999521205938982
0.9999521205938982
0.9999521205938982
0.9999521205938982
0.9999521205938982
0.9999521205938982
0.9999521205938982
0.9999521205938982
0.9999521205938982
0.9999521205938982
0.9999521205938982
0.9999521205938982
0.9999521205938982
0.9999521205938982
0.9999521205938982
0.9999521205938982
0.9999521205938982
0.9999521205938982
0.9999521205938982
0.9999521205938982
0.9999521205938982
0.9999521170214485
0.9999521094240665
1.4999520966282844
1.4999520876656522
0.499952086681946
1.4999520727327782
0.49995202582696013
1.49995196555684
0.9999521205938982
0.9999521205938982
0.9999521205938982
0.9999521205938982
0.9999521205938982
0.9999521205938982
0.9999521205938982
0.9999521205938982
0.9999521205938982
0.9999521205938982
0.9999521205938982
0.9999521205938982
0.9999521205938982
0.9999521205938982
0.9999521187796278
0.4999521266283238
0.9999521205938982
0.4999521180145152
0.49995210281629976
0.49995195586657126
0.9999520583901904
0.9999521204995105
0.9999521205938982
0.9999521205938982
0.9999521205741349
0.9999521205845818
0.9999521205845818
0.9999521205845818
0.9999521205938982
0.9999521205938982
0.9999521205938982
0.9999521205938982
0.9999521205938982
0.9999521205938982
0.9999521205938982
0.9999521205938982
0.9999521205938982
0.9999521205938982
0.9999521205938982
0.9999521205938982
0.9999521205938982
0.9999521205938982
0.9999521205938982
0.9999521205938982
0.9999521205938982
0.9999521205938982
0.9999521205938982
0.9999521205938982
0.9999521205938982
0.9999521205938982
0.9999521205938982
0.9999521205938982
0.9999521205938982
0.9999521205938982
0.9999521205938982
0.9999521205938982
0.9999521205938982
0.9999521205938982
0.9999521205938982
0.9999521205938982
0.9999521205938982
0.9999521205938982
0.9999521205938982
0.9999521205938982
0.9999521205938982
0.9999521205938982
0.9999521205938982
0.9999521205938982
0.9999521205938982
0.9999521205938982
0.9999521205938982
0.9999521205938982
0.9999521205938982
0.9999521205938982
0.9999521205938982
0.9999521205938982
0.9999521205938982
0.9999521205938982
0.9999521205938982
0.9999521205938982
0.9999521205938982
0.9999521205938982
0.9999521205938982
0.9999521205938982
0.9999521205938982
0.9999521205938982
0.9999521205938982
0.9999521205938982
0.9999521205938982
0.9999521205938982
0.9999521205938982
0.9999521205938982
0.9999521205938982
0.9999521205938982
0.9999521205938982
0.9999521205938982
0.9999521205938982
0.9999521205938982
0.9999521205938982
0.9999521205938982
0.9999521205938982
0.9999521205938982
0.9999521205938982
0.9999521205938982
0.9999521205938982
0.9999521205938982
0.9999521205938982
0.9999521205938982
0.9999521205938982
0.9999521205938982
0.9999521205938982
0.9999521205938982
0.9999521205938982
0.9999521205938982
0.9999521205938982
0.9999521205938982
0.9999521205938982
0.9999521205938982
0.9999521205938982
0.9999521205938982
0.9999521205938982
0.9999521205938982
0.9999521205938982
0.9999521205938982
0.9999521205938982
0.9999521205938982
0.9999521205938982
0.9999521205938982
0.9999521205938982
0.9999521205938982
0.9999521205938982
0.9999521205938982
0.9999521205938982
0.9999521205938982
0.9999521205938982
0.9999521205938982
0.9999521205938982
0.9999521205938982
0.9999521205938982
0.9999521205938982
0.9999521205938982
0.9999521205938982
0.9999521205938982
0.9999521205938982
0.9999521205938982
0.9999521205938982
0.9999521205938982
0.9999521205938982
0.9999521205938982
0.9999521205938982
0.9999521205938982
0.9999521205938982
0.9999521205938982
0.9999521205938982
0.9999521205938982
0.9999521205938982
0.9999521205938982
0.9999521205938982
0.9999521205938982
0.9999521205938982
0.9999521205938982
0.9999521205938982
0.9999521205938982
0.9999521205938982
0.9999521205938982
0.9999521205938982
0.9999521205938982
0.9999521205938982
0.9999521205938982
0.9999521205938982
0.9999521205938982
0.9999521205938982
0.9999521205938982
0.9999521205938982
0.9999521205938982
0.9999521205938982
0.9999521205938982
0.9999521205938982
0.9999521205938982
0.9999521205938982
0.9999521205938982
0.9999521205938982
0.9999521162962752
0.9999521117924136
0.9999521070712423
0.4999521157648294
0.4999521157648294
0.9999521162962752
0.49995211057590794
0.9999521205938982
0.4999521051326468
0.9999521118083656
0.49995209942122903
0.4999520718007467
0.4999521046279847
0.49995209654721323
0.4999520922612661
1.4999519464240503
0.9999521205938982
0.9999521205938982
0.9999521205938982
0.9999521205938982
0.9999521205938982
0.9999521205938982
0.9999521205938982
0.9999521205938982
0.9999521205938982
0.9999521205938982
0.9999521205938982
0.9999521205938982
0.9999521205938982
0.9999521205938982
0.9999521205938982
0.9999521205938982
0.9999521205938982
0.9999521205938982
0.9999521205938982
0.9999521205938982
0.9999521205938982
0.9999521205938982
0.9999521205938982
0.9999521205938982
0.9999521205938982
0.9999521205938982
0.9999521205938982
0.9999521205938982
0.9999521205938982
0.9999521205938982
0.9999521205938982
0.9999521205938982
0.9999521205938982
0.9999521205938982
0.9999521205938982
0.9999521205938982
0.9999521205938982
0.9999521205938982
0.9999521205938982
0.9999521205938982
0.9999521205938982
0.9999521205938982
0.9999521205938982
0.9999521205938982
0.9999521205938982
0.9999521205938982
0.9999521205938982
0.9999521205938982
0.9999521205938982
0.9999521205938982
0.9999521205938982
0.9999521205938982
0.9999521205938982
0.9999521205938982
0.9999521205938982
0.9999521205938982
0.9999521205938982
0.9999521205938982
0.9999521205938982
0.9999521205938982
0.9999521205938982
0.9999521205938982
0.9999521205938982
0.9999521205938982
0.9999521205938982
0.9999521205938982
0.9999521205938982
0.9999521205938982
0.9999521205938982
0.9999521205938982
0.9999521205938982
0.9999521205938982
0.9999521205938982
0.9999521205938982
0.9999521205938982
0.9999521205938982
0.9999521205938982
0.9999521205938982
0.9999521205938982
0.9999521205938982
0.9999521205938982
0.9999521205938982
0.9999521205938982
0.9999521205938982
0.9999521205938982
0.9999521205938982
0.9999521205938982
0.9999521205938982
0.9999521205938982
0.9999521205938982
0.9999521205938982
0.9999521205938982
0.9999521205938982
0.9999521205938982
1.4999521024061222
1.49995208882901
1.4999520858310105
1.4999519941958217
0.9999520291995236
1.4999519507950783
0.9999520291995236
0.9999520373322256
0.9999520525593639
0.9999520525593639
0.9999520665041357
0.9999520665041357
0.9999521205938982
0.9999521205938982
0.9999521205938982
0.9999521205938982
0.9999521205938982
0.9999521205938982
0.9999521205938982
0.9999521205938982
0.9999521205938982
0.9999521205938982
0.9999521205938982
0.9999521205938982
0.9999521205938982
0.9999521205938982
0.9999521205938982
0.9999521205938982
0.9999521205938982
0.9999521205938982
0.9999521205938982
0.9999521205938982
0.9999521205938982
0.9999521205938982
0.9999521205938982
0.9999521205938982
0.9999521205938982
0.9999521205938982
0.9999521205938982
0.9999521205938982
0.9999521205938982
0.9999521205938982
0.9999521205938982
0.9999521205938982
0.9999521205938982
0.9999521205938982
0.9999521205938982
0.9999521205938982
