0.021989749343839148
0.06138102297397898
0.06138102297397898
0.06138102297397898
0.06138102297397898
0.06138102297397898
0.06138102297397898
0.06138102297397898
0.06138102297397898
0.06138102297397898
0.06138102297397898
0.06138102297397898
0.06138102297397898
0.06138102297397898
0.06138102297397898
0.06138102297397898
0.06138102297397898
0.06138102297397898
0.06138102297397898
0.06138102297397898
0.06138102297397898
0.06138102297397898
0.06138102297397898
0.06138102297397898
0.06138102297397898
0.06138102297397898
0.06138102297397898
0.04381618008746506
0.030257647287366213
0.030257647287366213
0.06138102297397898
0.06138102297397898
0.06138102297397898
0.06138102297397898
0.06138102297397898
0.06138102297397898
0.06138102297397898
0.06138102297397898
0.06138102297397898
0.06138102297397898
0.06138102297397898
0.06138102297397898
0.06138102297397898
0.06138102297397898
0.06138102297397898
0.06138102297397898
0.06138102297397898
0.06138102297397898
0.06138102297397898
0.06138102297397898
0.06138102297397898
0.06138102297397898
0.06138102297397898
0.06138102297397898
0.06138102297397898
0.06138102297397898
0.06138102297397898
0.06138102297397898
0.06138102297397898
0.06138102297397898
0.06138102297397898
0.06138102297397898
0.06138102297397898
0.06138102297397898
0.06138102297397898
0.06138102297397898
0.06138102297397898
0.06138102297397898
0.06138102297397898
0.06138102297397898
0.06138102297397898
0.06138102297397898
0.06138102297397898
0.06138102297397898
0.06138102297397898
0.06138102297397898
0.06138102297397898
0.06138102297397898
0.06138102297397898
0.06138102297397898
0.06138102297397898
0.06138102297397898
0.03038837320236839
0.508494929559584
0.06138102297397898
0.5000034342653549
0.50000338674741
0.5000033830448597
0.5000033698807447
0.06138102297397898
0.06138102297397898
0.06138102297397898
0.06138102297397898
0.06138102297397898
0.06138102297397898
0.06138102297397898
0.06138102297397898
0.06138102297397898
0.06138102297397898
0.06138102297397898
0.06138102297397898
0.06138102297397898
0.06138102297397898
0.06138102297397898
0.06138102297397898
0.06138102297397898
0.06138102297397898
0.06138102297397898
0.06138102297397898
0.06138102297397898
0.06138102297397898
0.06138102297397898
0.06138102297397898
0.06138102297397898
0.06138102297397898
0.06138102297397898
0.06138102297397898
0.06138102297397898
0.06138102297397898
0.06138102297397898
0.06138102297397898
0.06138102297397898
0.06138102297397898
0.06138102297397898
0.06138102297397898
0.06138102297397898
0.06138102297397898
0.06138102297397898
0.06138102297397898
0.06138102297397898
0.06138102297397898
0.06138102297397898
0.06138102297397898
0.06138102297397898
0.06138102297397898
0.06138102297397898
0.06138102297397898
0.06138102297397898
0.06138102297397898
0.06138102297397898
0.06138102297397898
0.06138102297397898
0.06138102297397898
0.06138102297397898
0.06138102297397898
0.06138102297397898
0.06138102297397898
0.06138102297397898
0.06138102297397898
0.06138102297397898
0.06138102297397898
0.06138102297397898
0.06138102297397898
0.06138102297397898
0.06138102297397898
0.06138102297397898
0.06138102297397898
0.06138102297397898
0.06138102297397898
0.06138102297397898
0.06138102297397898
0.06138102297397898
0.06138102297397898
0.06138102297397898
0.06138102297397898
0.06138102297397898
0.06138102297397898
0.001000405377543134
0.0006397884394311136
0.006701266891278544
0.06138102297397898
0.06138102297397898
0.06138102297397898
0.06138102297397898
0.06138102297397898
0.06138102297397898
0.06138102297397898
0.06138102297397898
0.06138102297397898
0.06138102297397898
0.06138102297397898
0.06138102297397898
0.06138102297397898
0.06138102297397898
0.06138102297397898
0.06138102297397898
0.06138102297397898
0.06138102297397898
0.06138102297397898
0.06138102297397898
0.06138102297397898
0.06138102297397898
0.06138102297397898
0.06138102297397898
0.06138102297397898
0.06138102297397898
0.06138102297397898
0.06138102297397898
0.06138102297397898
0.06138102297397898
0.06138102297397898
0.06138102297397898
0.06138102297397898
0.06138102297397898
0.06138102297397898
0.06138102297397898
0.06138102297397898
0.06138102297397898
0.06138102297397898
0.06138102297397898
0.06138102297397898
0.06138102297397898
0.06138102297397898
0.06138102297397898
0.06138102297397898
0.06138102297397898
0.06138102297397898
0.06138102297397898
0.06138102297397898
0.06138102297397898
0.06138102297397898
0.06138102297397898
0.06138102297397898
0.06138102297397898
0.06138102297397898
0.06138102297397898
0.06138102297397898
0.06138102297397898
0.06138102297397898
0.06138102297397898
0.06138102297397898
0.06138102297397898
0.06138102297397898
0.06138102297397898
0.06138102297397898
0.06138102297397898
0.06138102297397898
0.06138102297397898
0.06138102297397898
0.06138102297397898
0.06138102297397898
0.06138102297397898
0.06138102297397898
0.06138102297397898
0.06138102297397898
0.06138102297397898
0.06138102297397898
0.06138102297397898
0.06138102297397898
0.06138102297397898
0.033491461848837514
0.48864382688560315
0.48864382688560315
0.0004388798175670471
0.5000034039365446
0.4990754163479022
0.49999698391115327
0.5000033698807447
0.06138102297397898
0.06138102297397898
0.06138102297397898
0.06138102297397898
0.06138102297397898
0.06138102297397898
0.06138102297397898
0.06138102297397898
0.06138102297397898
0.06138102297397898
0.06138102297397898
0.06138102297397898
0.06138102297397898
0.06138102297397898
0.06138102297397898
0.06138102297397898
0.06138102297397898
0.06138102297397898
0.06138102297397898
0.06138102297397898
0.06138102297397898
0.06138102297397898
0.06138102297397898
0.06138102297397898
0.06138102297397898
0.06138102297397898
0.06138102297397898
0.06138102297397898
0.06138102297397898
0.06138102297397898
0.06138102297397898
0.06138102297397898
0.06138102297397898
0.06138102297397898
0.06138102297397898
0.06138102297397898
0.06138102297397898
0.06138102297397898
0.06138102297397898
0.06138102297397898
0.06138102297397898
0.06138102297397898
0.06138102297397898
0.06138102297397898
0.06138102297397898
0.06138102297397898
0.06138102297397898
0.06138102297397898
0.06138102297397898
0.06138102297397898
0.06138102297397898
0.06138102297397898
0.06138102297397898
0.06138102297397898
0.004150939311352807
0.01651553868445348
0.014940801584557453
0.06138121920484324
0.06138116547750037
0.06138102297397898
0.06138102297397898
0.06138102297397898
0.06138102297397898
0.06138102297397898
0.06138102297397898
0.06138102297397898
0.0045341259414370776
0.000489477655437618
0.5000075650340722
0.06138102297397898
0.00043401195464865666
0.4949387626315769
0.50000338674741
0.4999969864482597
0.5000033698807447
0.06138102297397898
0.06138102297397898
0.06138102297397898
0.06138102297397898
0.06138102297397898
0.06138102297397898
0.06138102297397898
0.06138102297397898
0.06138102297397898
0.06138102297397898
0.06138102297397898
0.06138102297397898
0.06138102297397898
0.06138102297397898
0.06138102297397898
0.06138102297397898
0.06138102297397898
0.06138102297397898
0.04381618008746506
0.020258386799658152
0.030257647287366213
0.030257647287366213
0.030257647287366213
0.06138102297397898
0.06138102297397898
0.06138102297397898
0.06138102297397898
0.06138102297397898
0.06138102297397898
0.06138102297397898
0.06138102297397898
0.06138102297397898
0.06138102297397898
0.06138102297397898
0.06138102297397898
0.06138102297397898
0.06138102297397898
0.06138102297397898
0.06138102297397898
0.06138102297397898
0.06138102297397898
0.06138102297397898
0.06138102297397898
0.06138102297397898
0.06138102297397898
0.06138102297397898
0.06138102297397898
0.06138102297397898
0.06138102297397898
0.06138102297397898
0.2396295675126175
0.10195382380242807
0.5114897787241652
0.022205784952417238
0.023088538098353813
0.02272898761480881
0.01677228599132205
0.010506575927169514
0.3940567429308939
0.30433973749531784
0.3043397309788359
0.31312080261735137
0.08274650844406443
0.08274650844406443
0.02451586848482274
0.02451586782821325
0.027805700824100065
0.027805700824100065
0.031441088073190335
0.03144108725468265
0.03144108725468265
0.03544043361270112
0.03544043361270112
0.03544043361270112
0.03982022383945843
0.03982022383945843
0.04459455814042578
0.04459455814042578
0.04977471078717963
0.04977471078717963
0.04977471078717963
0.05536871786248804
0.05536871786248804
0.05536871786248804
0.06138102297397898
0.06138102297397898
0.06138102297397898
0.06138102297397898
0.06138102297397898
0.06138102297397898
0.06138102297397898
0.06138102297397898
0.06138102297397898
0.06138102297397898
0.06138102297397898
0.06138102297397898
0.06138102297397898
0.06138102297397898
0.06138102297397898
0.06138102297397898
0.06138102297397898
0.06138102297397898
0.06138102297397898
0.06138102297397898
0.06138102297397898
0.06138102297397898
0.06138102297397898
0.06138102297397898
0.06138102297397898
0.06138102297397898
0.06138102297397898
0.06138102297397898
0.06138102297397898
0.06138102297397898
0.06138102297397898
0.06138102297397898
0.06138102297397898
0.06138102297397898
0.06138102297397898
0.06138102297397898
0.06138102297397898
0.06138102297397898
0.06138102297397898
0.06138102297397898
0.06138102297397898
0.06138102297397898
0.06138102297397898
0.06138102297397898
0.06138102297397898
0.06138102297397898
0.06138102297397898
0.06138102297397898
0.06138102297397898
0.06138102297397898
0.0034871249269808335
0.0006397884394311136
0.001000405377543134
0.0006397884394311136
0.0006397884394311136
0.0034871249269808335
0.06138102297397898
0.06138102297397898
0.06138102297397898
0.06138102297397898
0.06138102297397898
0.06138102297397898
0.06138102297397898
0.06138102297397898
0.06138102297397898
0.11529283230739794
0.18394942589471053
0.2559295954692796
0.06138102297397898
0.06138102297397898
0.06138102297397898
0.5696308027533773
0.06138102297397898
0.00043821449003141494
0.00043821449003141494
0.06138102297397898
0.0009550254867291372
0.0009550254867291372
0.06138102297397898
0.0012989419839241432
0.0037089052309216847
0.007539937196239565
0.0203442057013903
0.06138102297397898
0.06138102297397898
0.06138102297397898
0.06138102297397898
0.06138102297397898
0.06138102297397898
0.06138102297397898
0.06138102297397898
0.06138102297397898
0.06138102297397898
0.06138102297397898
0.06138102297397898
0.06138102297397898
0.06138102297397898
0.06138102297397898
0.06138102297397898
0.06138102297397898
0.06138102297397898
0.06138102297397898
0.06138102297397898
0.06138102297397898
0.06138102297397898
0.06138102297397898
0.06138102297397898
0.06138102297397898
0.06138102297397898
0.14052053569665268
0.33010094876972423
0.05587935320912221
0.018969848307681406
0.023116181782777256
0.023391386322118707
0.023404292459798182
0.02149811979189316
0.01605867261211785
0.48060639694963414
0.38802893377680175
0.44655135414588387
0.3940567429308939
0.30433973749531784
0.3043397309788359
0.31312080261735137
0.08274650844406443
0.09043850211965682
0.02451586848482274
0.02451586782821325
0.027805700824100065
0.027805700824100065
0.031441088073190335
0.03144108725468265
0.03144108725468265
0.03544043361270112
0.03544043361270112
0.03544043361270112
0.03982022383945843
0.03982022383945843
0.04459455814042578
0.04459455814042578
0.04977471078717963
0.04977471078717963
0.04977471078717963
0.05536871786248804
0.05536871786248804
0.05536871786248804
0.06138102297397898
0.06138102297397898
0.06138102297397898
0.06138102297397898
0.06138102297397898
0.06138102297397898
0.06138102297397898
0.06138102297397898
0.06138102297397898
0.06138102297397898
0.06138102297397898
0.06138102297397898
0.06138102297397898
0.06138102297397898
0.06138102297397898
0.06138102297397898
0.06138102297397898
0.06138102297397898
0.06138102297397898
0.06138102297397898
0.06138102297397898
0.06138102297397898
0.06138102297397898
0.06138102297397898
0.06138102297397898
0.06138102297397898
0.06138102297397898
0.06138102297397898
0.06138102297397898
0.06138102297397898
0.06138102297397898
0.06138102297397898
0.06138102297397898
0.06138102297397898
0.06138102297397898
0.06138102297397898
0.06138102297397898
0.06138102297397898
0.06138102297397898
0.06138102297397898
0.06138102297397898
0.06138102297397898
0.06138102297397898
0.06138102297397898
0.06138102297397898
0.06138102297397898
0.06138102297397898
0.06138102297397898
0.06138102297397898
0.06138102297397898
0.06138102297397898
0.06138102297397898
0.06138102297397898
0.06138102297397898
0.06138102297397898
0.06138102297397898
0.06138102297397898
0.06138102297397898
0.06138102297397898
0.03488440444299291
0.04136616749523483
0.06138102297397898
0.06138102297397898
0.06138102297397898
0.06138102297397898
0.06138102297397898
0.06138102297397898
0.06270921830833581
0.0640562464136416
0.06138102297397898
0.5755045852665658
0.00043467882877902916
0.00043467882877902916
0.00043821449003141494
0.00043821449003141494
0.00045835815709837084
0.06138102297397898
0.06138102297397898
0.06138102297397898
0.06138102297397898
0.06138102297397898
0.06138102297397898
0.06138102297397898
0.06138102297397898
0.06138102297397898
0.06138102297397898
0.06138102297397898
0.06138102297397898
0.06138102297397898
0.06138102297397898
0.06138102297397898
0.06138102297397898
0.06138102297397898
0.06138102297397898
0.06138102297397898
0.06138102297397898
0.06138102297397898
0.06138102297397898
0.06138102297397898
0.06138102297397898
0.06138102297397898
0.06138102297397898
0.06138102297397898
0.06138102297397898
0.06138102297397898
0.06138102297397898
0.06138102297397898
0.06138102297397898
0.06138102297397898
0.06138102297397898
0.06138102297397898
0.06138102297397898
0.06138102297397898
0.06138102297397898
0.02040011881514558
0.5053182455545262
0.500004959774377
0.50000338674741
0.500003384319814
0.49999700632753896
0.06138102297397898
0.06138102297397898
0.06138102297397898
0.06138102297397898
0.06138102297397898
0.06138102297397898
0.06138102297397898
0.06138102297397898
0.06138102297397898
0.06138102297397898
0.2850624061584739
0.3810456517335087
0.004596040306163277
0.006980466444579181
0.037049789338961824
0.329967669437223
0.329967669437223
0.329967669437223
0.329967669437223
0.4054120662946415
0.4054120662946415
0.4054120662946415
0.043163438105512035
0.02780570155844922
0.027805700824100065
0.027805700824100065
0.031441088073190335
0.03144108725468265
0.03144108725468265
0.03544043361270112
0.03544043361270112
0.03982022484555086
0.03982022284056254
0.03982022284056254
0.04459455814042578
0.04459455814042578
0.04459455814042578
0.04977471078717963
0.04977471078717963
0.05536871786248804
0.05536871786248804
0.05536871786248804
0.06138102297397898
0.06138102297397898
0.06138102297397898
0.06138102297397898
0.06138102297397898
0.06138102297397898
0.06138102297397898
0.06138102297397898
0.06138102297397898
0.06138102297397898
0.06138102297397898
0.06138102297397898
0.06138102297397898
0.06138102297397898
0.06138102297397898
0.06138102297397898
0.06138102297397898
0.06138102297397898
0.06138102297397898
0.06138102297397898
0.06138102297397898
0.06138102297397898
0.06138102297397898
0.06138102297397898
0.06138102297397898
0.06138102297397898
0.06138102297397898
0.06138102297397898
0.06138102297397898
0.06138102297397898
0.06138102297397898
0.06138102297397898
0.06138102297397898
0.06138102297397898
0.06138102297397898
0.06138102297397898
0.06138102297397898
0.06138102297397898
0.06138102297397898
0.06138102297397898
0.06138102297397898
0.06138102297397898
0.06138102297397898
0.06138102297397898
0.06138102297397898
0.06138102297397898
0.06138102297397898
0.06138102297397898
0.06138102297397898
0.06138102297397898
0.06138102297397898
0.06138102297397898
0.06138102297397898
0.06138102297397898
0.06138102297397898
0.06138102297397898
0.06138102297397898
0.06138102297397898
0.06138102297397898
0.06138102297397898
0.06138102297397898
0.06138102297397898
0.06138102297397898
0.06138102297397898
0.06138102297397898
0.06138102297397898
0.06138102297397898
0.06138102297397898
0.06138102297397898
0.06138102297397898
0.06138102297397898
0.06138102297397898
0.06138102297397898
0.06138102297397898
0.06138102297397898
0.06138102297397898
0.06138102297397898
0.06138102297397898
0.06138102297397898
0.06138102297397898
0.06138102297397898
0.06138102297397898
0.06138102297397898
0.06138102297397898
0.06138102297397898
0.06138102297397898
0.06138102297397898
0.06138102297397898
0.06138102297397898
0.06138102297397898
0.06138102297397898
0.06138102297397898
0.06138102297397898
0.06138102297397898
0.06138102297397898
0.06138102297397898
0.06138102297397898
0.06138102297397898
0.06138102297397898
0.06138102297397898
0.06138102297397898
0.06138102297397898
0.06138102297397898
0.06138102297397898
0.06138102297397898
0.06138102297397898
0.06138102297397898
0.06138102297397898
0.06138102297397898
0.06138102297397898
0.06138102297397898
0.06138102297397898
0.06138102297397898
0.06138102297397898
0.06138102297397898
0.06138102297397898
0.06138102297397898
0.06138102297397898
0.06138102297397898
0.06138102297397898
0.06138102297397898
0.06138102297397898
0.06138102297397898
0.06138102297397898
0.03038837320236839
0.5053182455545262
0.508494929559584
0.5000034062058482
0.500003384319814
0.5000033752154412
0.49999700442064643
0.06138102297397898
0.06138102297397898
0.06138102297397898
0.06138102297397898
0.06138102297397898
0.06138102297397898
0.06138102297397898
0.06138102297397898
0.06138102297397898
0.06138102297397898
0.06138102297397898
0.06138102297397898
0.06138102297397898
0.06138102297397898
0.06138102297397898
0.06138102297397898
0.06138102297397898
0.06138102297397898
0.06138102297397898
0.06138102297397898
0.06138102297397898
0.06138102297397898
0.06138102297397898
0.06138102297397898
0.06138102297397898
0.06138102297397898
0.06138102297397898
0.06138102297397898
0.2850624061584739
0.3810456517335087
0.004596040306163277
0.006980466444579181
0.037049789338961824
0.32996767584308057
0.32996767584308057
0.32996767584308057
0.3216657258628742
0.3216657258628742
0.40541207357648035
0.40541207357648035
0.40541207357648035
0.09458926357380526
0.02451586782821325
0.027805700824100065
0.027805700824100065
0.027805700824100065
0.03144108725468265
0.03144108725468265
0.03544043361270112
0.03544043361270112
0.03544043361270112
0.03982022383945843
0.03982022383945843
0.03982022284056254
0.04459455814042578
0.04459455814042578
0.04977471078717963
0.04977471078717963
0.04977471078717963
0.05536871786248804
0.05536871786248804
0.06138102297397898
0.06138102297397898
0.06138102297397898
0.06138102297397898
0.06138102297397898
0.06138102297397898
0.06138102297397898
0.06138102297397898
0.06138102297397898
0.06138102297397898
0.06138102297397898
0.06138102297397898
0.06138102297397898
0.06138102297397898
0.06138102297397898
0.06138102297397898
0.06138102297397898
0.06138102297397898
0.06138102297397898
0.06138102297397898
0.06138102297397898
0.06138102297397898
0.06138102297397898
0.06138102297397898
0.06138102297397898
0.06138102297397898
0.06138102297397898
0.06138102297397898
0.06138102297397898
0.06138102297397898
0.06138102297397898
0.06138102297397898
0.06138102297397898
0.06138102297397898
0.06138102297397898
0.06138102297397898
0.06138102297397898
0.06138102297397898
0.06138102297397898
0.06138102297397898
0.06138102297397898
0.06138102297397898
0.06138102297397898
0.06138102297397898
0.06138102297397898
0.06138102297397898
0.06138102297397898
0.06138102297397898
0.06138102297397898
0.06138102297397898
0.06138102297397898
0.06138102297397898
0.06138102297397898
0.06138102297397898
0.06138102297397898
0.06138102297397898
0.06138102297397898
0.06138102297397898
0.06138102297397898
0.06138102297397898
0.06138102297397898
0.06138102297397898
0.06138102297397898
0.06138102297397898
0.06138102297397898
0.06138102297397898
0.06138102297397898
0.06138102297397898
0.06138102297397898
0.06138102297397898
0.06138102297397898
0.06138102297397898
0.06138102297397898
0.06138102297397898
0.06138102297397898
0.06138102297397898
0.06138102297397898
0.06138102297397898
0.06138102297397898
0.06138102297397898
0.06138102297397898
0.06138102297397898
0.06138102297397898
0.06138102297397898
0.06138102297397898
0.06138102297397898
0.06138102297397898
0.06138102297397898
0.06138102297397898
0.06138102297397898
0.06138102297397898
0.06138102297397898
0.06138102297397898
0.06138102297397898
0.06138102297397898
0.06138102297397898
0.06138102297397898
0.06138102297397898
0.003238622570840888
0.010172568509300695
0.014940806741959743
0.014940806741959743
0.014940806741959743
0.014940806741959743
0.014940806741959743
0.014940806741959743
0.014940806741959743
0.014940806741959743
0.014940806741959743
0.014940806741959743
0.06138121920484324
0.06138102297397898
0.06138102297397898
0.06138102297397898
0.06138102297397898
0.06138102297397898
0.06138102297397898
0.06138102297397898
0.06138102297397898
0.06138102297397898
0.06138102297397898
0.06138102297397898
0.06138102297397898
0.06138102297397898
0.06138102297397898
0.06138102297397898
0.06138102297397898
0.06138102297397898
0.06138102297397898
0.06138102297397898
0.06138102297397898
0.06138102297397898
0.06138102297397898
0.06138102297397898
0.06138102297397898
0.06138102297397898
0.06138102297397898
0.06138102297397898
0.06138102297397898
0.06138102297397898
0.06138102297397898
0.06138102297397898
0.06138102297397898
0.06138102297397898
0.06138102297397898
0.06138102297397898
0.06138102297397898
0.06138102297397898
0.06138102297397898
0.06138102297397898
0.06138102297397898
0.06138102297397898
0.06138102297397898
0.06138102297397898
0.06138102297397898
0.06138102297397898
0.06138102297397898
0.06138102297397898
0.06138102297397898
0.06138102297397898
0.06138102297397898
0.06138102297397898
0.06138102297397898
0.06138102297397898
0.06138102297397898
0.06138102297397898
0.06138102297397898
0.06138102297397898
0.06138102297397898
0.06138102297397898
0.06138102297397898
0.06138102297397898
0.06138102297397898
0.06138102297397898
0.06138102297397898
0.06138102297397898
0.06138102297397898
0.06138102297397898
0.04591283216503606
0.02385627212219513
0.48338050384273346
0.48864382688560315
0.5000035404557462
0.49782911168769517
0.499996988691329
0.5000033739904947
0.4999970046323076
0.06138102297397898
0.06138102297397898
0.06138102297397898
0.06138102297397898
0.06138102297397898
0.06138102297397898
0.06138102297397898
0.06138102297397898
0.06138102297397898
0.06138102297397898
0.06138102297397898
0.06138102297397898
0.06138102297397898
0.06138102297397898
0.06138102297397898
0.06138102297397898
0.06138102297397898
0.06138102297397898
0.06138102297397898
0.06138102297397898
0.06138102297397898
0.06138102297397898
0.06138102297397898
0.06138102297397898
0.06138102297397898
0.06138102297397898
0.06138102297397898
0.06138102297397898
0.06138102297397898
0.06138102297397898
0.06138102297397898
0.03038837320236839
0.02040011881514558
0.02040011881514558
0.02040011881514558
0.5133182008600016
0.5053182455545262
0.5020150150660446
0.5007593157058411
0.5000033764477586
0.5000033726305058
0.06138102297397898
0.06138102297397898
0.06138102297397898
0.06138102297397898
0.06138102297397898
0.06138102297397898
0.06138102297397898
0.06138102297397898
0.06138102297397898
0.06138102297397898
0.06138102297397898
0.06138102297397898
0.06138102297397898
0.06138102297397898
0.06138102297397898
0.06138102297397898
0.06138102297397898
0.06138102297397898
0.06138102297397898
0.06138102297397898
0.06138102297397898
0.06138102297397898
0.06138102297397898
0.06138102297397898
0.06138102297397898
0.06138102297397898
0.06138102297397898
0.06138102297397898
0.06138102297397898
0.06138102297397898
0.06138102297397898
0.06138102297397898
0.06138102297397898
0.06138102297397898
0.06138102297397898
0.06138102297397898
0.06138102297397898
0.2383825758421672
0.06138102297397898
0.06138102297397898
0.06138102297397898
0.06138102297397898
0.05693066997558543
0.06138102297397898
0.06138102297397898
0.06138102297397898
0.06138102297397898
0.06138102297397898
0.06138102297397898
0.048704982817137345
0.0449262264906414
0.06138102297397898
0.06138102297397898
0.06138102297397898
0.06138102297397898
0.06138102297397898
0.06138102297397898
0.06138102297397898
0.06138102297397898
0.06138102297397898
0.06138102297397898
0.06138102297397898
0.06138102297397898
0.06138102297397898
0.06138102297397898
0.06138102297397898
0.06138102297397898
0.06138102297397898
0.06138102297397898
0.06138102297397898
0.06138102297397898
0.06138102297397898
0.06138102297397898
0.06138102297397898
0.06138102297397898
0.06138102297397898
0.06138102297397898
0.06138102297397898
0.06138102297397898
0.06138102297397898
0.06138102297397898
0.06138102297397898
0.06138102297397898
0.06138102297397898
0.11013673234690566
0.06138102297397898
0.06138102297397898
0.06138102297397898
0.06138102297397898
0.06138102297397898
0.06138102297397898
0.06138102297397898
0.06138102297397898
0.06138102297397898
0.03195177681415199
0.06138102297397898
0.06138102297397898
0.06138102297397898
0.06138102297397898
0.06138102297397898
0.06138102297397898
0.06138102297397898
0.06138102297397898
0.06138102297397898
0.06138102297397898
0.06138102297397898
0.06138102297397898
0.06138102297397898
0.06138102297397898
0.06138102297397898
0.06138102297397898
0.06138102297397898
0.06138102297397898
0.06138102297397898
0.06138102297397898
0.06138102297397898
0.06138102297397898
0.06138102297397898
0.06138102297397898
0.06138102297397898
0.06138102297397898
0.06138102297397898
0.06138102297397898
0.06138102297397898
0.06138102297397898
0.06138102297397898
0.06138102297397898
0.06138102297397898
0.06138102297397898
0.2396295675126175
0.3980474388697029
0.03451730218620344
0.022602596893947727
0.02345057179241528
0.023520840210482258
0.02351862589830018
0.023192075613508875
0.02127274223465604
0.5098346904381451
0.5098346811919767
0.4784687564221765
0.48060639694963414
0.38802893377680175
0.44655134596405854
0.3940567429308939
0.30433973749531784
0.3043397309788359
0.31312080261735137
0.08274650844406443
0.09043850211965682
0.02451586848482274
0.02451586782821325
0.027805700824100065
0.027805700824100065
0.031441088073190335
0.03144108725468265
0.010545987705545842
0.0054582246701833665
0.0054582246701833665
0.4958263453054364
0.49756409350949043
0.4985848243033601
0.5000033774086479
0.4995966501442157
0.5000033710485573
0.06138102297397898
0.06138102297397898
0.06138102297397898
0.06138102297397898
0.06138102297397898
0.06138102297397898
0.06138102297397898
0.06138102297397898
0.06138102297397898
0.06138102297397898
0.06138102297397898
0.06138102297397898
0.06138102297397898
0.06138102297397898
0.06138102297397898
0.06138102297397898
0.06138102297397898
0.06138102297397898
0.06138102297397898
0.03833502290744429
0.06138102297397898
0.06138102297397898
0.06138102297397898
0.0018166896383633498
0.04381618008746506
0.020258386799658152
0.5083854577571045
0.5131871231137234
0.03038837320236839
0.020258386799658152
0.5032232313662052
0.5032232313662052
0.5032857041542228
0.5007593157058411
0.5004720621536779
0.5001920227033485
0.5000033693780901
0.06138102297397898
0.06138102297397898
0.06138102297397898
0.06138102297397898
0.06138102297397898
0.06138102297397898
0.06138102297397898
0.06138102297397898
0.06138102297397898
0.06138102297397898
0.06138102297397898
0.06138102297397898
0.06138102297397898
0.06138102297397898
0.06138102297397898
0.06138102297397898
0.2396295675126175
0.10195382380242807
0.0011167769882516696
0.022205784952417238
0.023088538098353813
0.02272898761480881
0.016772277182375204
0.0004934878431103761
0.3940567429308939
0.30433973749531784
0.3043397309788359
0.19514122648244145
0.08274650844406443
0.02451586848482274
0.02451586848482274
0.02780570155844922
0.02780570155844922
0.027805700824100065
0.031441088073190335
0.03144108725468265
0.031441086442029684
0.03544043361270112
0.03544043361270112
0.03982022383945843
0.03982022383945843
0.03982022284056254
0.04459455814042578
0.04459455814042578
0.04459455814042578
0.04977471078717963
0.04977471078717963
0.05536871786248804
0.05536871786248804
0.05536871786248804
0.06138102297397898
0.06138102297397898
0.06138102297397898
0.06138102297397898
0.06138102297397898
0.06138102297397898
0.06138102297397898
0.06138102297397898
0.06138102297397898
0.06138102297397898
0.06138102297397898
0.06138102297397898
0.06138102297397898
0.06138102297397898
0.06138102297397898
0.06138102297397898
0.06138102297397898
0.06138102297397898
0.06138102297397898
0.06138102297397898
0.06138102297397898
0.06138102297397898
0.06138102297397898
0.06138102297397898
0.06138102297397898
0.06138102297397898
0.06138102297397898
0.06138102297397898
0.06138102297397898
0.06138102297397898
0.06138102297397898
0.06138102297397898
0.06138102297397898
0.06138102297397898
0.06138102297397898
0.06138102297397898
0.06138102297397898
0.06138102297397898
0.06138102297397898
0.06138102297397898
0.06138102297397898
0.06138102297397898
0.06138102297397898
0.06138102297397898
0.06138102297397898
0.06138102297397898
0.06138102297397898
0.06138102297397898
0.06138102297397898
0.06138102297397898
0.06138102297397898
0.06138102297397898
0.06138102297397898
0.06138102297397898
0.06138102297397898
0.06138102297397898
0.06138102297397898
0.06138102297397898
0.06138102297397898
0.06138102297397898
0.06138102297397898
0.06138102297397898
0.06138102297397898
0.06138102297397898
0.06138102297397898
0.06138102297397898
0.06138102297397898
0.06138102297397898
0.06138102297397898
0.06138102297397898
0.06138102297397898
0.06138102297397898
0.06138102297397898
0.06138102297397898
0.06138102297397898
0.06138102297397898
0.06138102297397898
0.06138102297397898
0.06138102297397898
0.06138102297397898
0.06138102297397898
0.06138102297397898
0.06138102297397898
0.06138102297397898
0.06138102297397898
0.06138102297397898
0.06138102297397898
0.06138102297397898
0.06138102297397898
0.06138102297397898
0.06138102297397898
0.06138102297397898
0.06138102297397898
0.06138102297397898
0.06138102297397898
0.06138102297397898
0.06138102297397898
0.06138102297397898
0.06138102297397898
0.06138102297397898
0.06138102297397898
0.06138102297397898
0.06138102297397898
0.06138102297397898
0.06138102297397898
0.06138102297397898
0.06138102297397898
0.06138102297397898
0.06138102297397898
0.06138102297397898
0.06138102297397898
0.06138102297397898
0.06138102297397898
0.06138102297397898
0.06138102297397898
0.06138102297397898
0.06138102297397898
0.06138102297397898
0.06138102297397898
0.06138102297397898
0.03159688423173949
0.009684377802960732
0.004150939311352807
0.01651553868445348
0.06138118253804347
0.0613811189250307
0.06138109139748511
0.06138102297397898
0.06138102297397898
0.06138102297397898
0.06138102297397898
0.06138102297397898
0.06138102297397898
0.06138102297397898
0.06138102297397898
0.06138102297397898
0.06138102297397898
0.06138102297397898
0.06138102297397898
0.06138102297397898
0.06138102297397898
0.06138102297397898
0.06138102297397898
0.06138102297397898
0.06138102297397898
0.06138102297397898
0.06138102297397898
0.06138102297397898
0.06138102297397898
0.06138102297397898
0.06138102297397898
0.06138102297397898
0.06138102297397898
0.06138102297397898
0.06138102297397898
0.06138102297397898
0.06138102297397898
0.06138102297397898
0.06138102297397898
0.06138102297397898
0.06138102297397898
0.06138102297397898
0.06138102297397898
0.06138102297397898
0.06138102297397898
0.0640562464136416
0.06138102297397898
0.06138102297397898
0.0004435706997222138
0.06138102297397898
0.005302876780951503
0.06138102297397898
0.06138102297397898
0.06138102297397898
0.06138102297397898
0.06138102297397898
0.06138102297397898
0.06138102297397898
0.06138102297397898
0.06138102297397898
0.06138102297397898
0.06138102297397898
0.06138102297397898
0.06138102297397898
0.06138102297397898
0.06138102297397898
0.06138102297397898
0.06138102297397898
0.0640562464136416
0.06138102297397898
0.5710714872904562
0.06138102297397898
0.06138102297397898
0.00045835815709837084
0.001000405377543134
0.0018166896383633498
0.06138102297397898
0.06138102297397898
0.06138102297397898
0.06138102297397898
0.06138102297397898
0.06138102297397898
0.06138102297397898
0.06138102297397898
0.06138102297397898
0.06138102297397898
0.06138102297397898
0.06138102297397898
0.06138102297397898
0.06138102297397898
0.06138102297397898
0.06138102297397898
0.06138102297397898
0.06138102297397898
0.06138102297397898
0.06138102297397898
0.06138102297397898
0.06138102297397898
0.06138102297397898
0.06138102297397898
0.16343219514308566
0.3810456517335087
0.057631632279879996
0.028879572899903862
0.037049789338961824
0.21571892042354998
0.21571892042354998
0.329967669437223
0.329967669437223
0.329967669437223
0.329967669437223
0.329967669437223
0.4054120662946415
0.09458927085540655
0.02780570155844922
0.027805700824100065
0.031441088073190335
0.03144108725468265
0.03144108725468265
0.03544043361270112
0.03544043361270112
0.03544043361270112
0.03982022383945843
0.009483318484162563
0.49791621339384395
0.5000034389814809
0.4995500356479574
0.4999969938807661
0.5000033698807447
0.06138102297397898
0.06138102297397898
0.06138102297397898
0.06138102297397898
0.06138102297397898
0.06138102297397898
0.06138102297397898
0.06138102297397898
0.06138102297397898
0.06138102297397898
0.06138102297397898
0.06138102297397898
0.06138102297397898
0.06138102297397898
0.06138102297397898
0.06138102297397898
0.06138102297397898
0.06138102297397898
0.06138102297397898
0.06138102297397898
0.06138102297397898
0.06138102297397898
0.06138102297397898
0.06138102297397898
0.06138102297397898
0.06138102297397898
0.06138102297397898
0.06138102297397898
0.06138102297397898
0.06138102297397898
0.06138102297397898
0.06138102297397898
0.06138102297397898
0.06138102297397898
0.06138102297397898
0.06138102297397898
0.06138102297397898
0.06138102297397898
0.06138102297397898
0.06138102297397898
0.06138102297397898
0.06138102297397898
0.06138102297397898
0.06138102297397898
0.06138102297397898
0.06138102297397898
0.06138102297397898
0.06138102297397898
0.06138102297397898
0.06138102297397898
0.06138102297397898
0.06138102297397898
0.06138102297397898
0.06138102297397898
0.06138102297397898
0.06138102297397898
0.06138102297397898
0.06138102297397898
0.06138102297397898
0.06138102297397898
0.06138102297397898
0.06138102297397898
0.06138102297397898
0.06138102297397898
0.06138102297397898
0.06138102297397898
0.06138102297397898
0.06138102297397898
0.06138102297397898
0.06138102297397898
0.06138102297397898
0.06138102297397898
0.06138102297397898
0.06138102297397898
0.06138102297397898
0.06138102297397898
0.06138102297397898
0.06138102297397898
0.06138102297397898
0.06138102297397898
0.06138102297397898
0.06138102297397898
0.06138102297397898
0.06138102297397898
0.06138102297397898
0.06138102297397898
0.06138102297397898
0.06138102297397898
0.06138102297397898
0.06138102297397898
0.06138102297397898
0.06138102297397898
0.06138102297397898
0.06138102297397898
0.06138102297397898
0.06138102297397898
0.06138102297397898
0.06138102297397898
0.06138102297397898
0.06138102297397898
0.06138102297397898
0.06138102297397898
0.06138102297397898
0.06138102297397898
0.06138102297397898
0.06138102297397898
0.06138102297397898
0.06138102297397898
0.06138102297397898
0.06138102297397898
0.06138102297397898
0.06138102297397898
0.06138102297397898
0.06138102297397898
0.06138102297397898
0.06138102297397898
0.06138102297397898
0.06138102297397898
0.06138102297397898
0.06138102297397898
0.06138102297397898
0.06138102297397898
0.06138102297397898
0.06138102297397898
0.06138102297397898
0.06138102297397898
0.06138102297397898
0.06138102297397898
0.06138102297397898
0.06138102297397898
0.06138102297397898
0.06138102297397898
0.06138102297397898
0.06138102297397898
0.06138102297397898
0.06138102297397898
0.06138102297397898
0.06138102297397898
0.06138102297397898
0.06138102297397898
0.06138102297397898
0.06138102297397898
0.06138102297397898
0.06138102297397898
0.06138102297397898
0.06138102297397898
0.06138102297397898
0.06138102297397898
0.06138102297397898
0.06138102297397898
0.06138102297397898
0.06138102297397898
0.06138102297397898
0.06138102297397898
0.06138102297397898
0.06138102297397898
0.06138102297397898
0.06138102297397898
0.06138102297397898
0.06138102297397898
0.06138102297397898
0.06138102297397898
0.06138102297397898
0.06138102297397898
0.06138102297397898
0.06138102297397898
0.06138102297397898
0.06138102297397898
0.06138102297397898
0.06138102297397898
0.06138102297397898
0.06138102297397898
0.06138102297397898
0.06138102297397898
0.06138102297397898
0.06138102297397898
0.06138102297397898
0.06138102297397898
0.06138102297397898
0.06138102297397898
0.06138102297397898
0.0034871249269808335
0.012549130965012943
0.06138102297397898
0.0203442057013903
0.027529164394151682
0.06138102297397898
0.06138102297397898
0.06138102297397898
0.06138102297397898
0.06138102297397898
0.0613810347061024
0.06138102297397898
0.06138102297397898
0.06138102297397898
0.06138102297397898
0.06138102297397898
0.06138102297397898
0.06138102297397898
0.06138102297397898
0.06138102297397898
0.06138102297397898
0.06138102297397898
0.06138102297397898
0.06138102297397898
0.06138102297397898
0.06138102297397898
0.06138102297397898
0.06138102297397898
0.06138102297397898
0.06138102297397898
0.06138102297397898
0.06138102297397898
0.06138102297397898
0.06138102297397898
0.06138102297397898
0.06138102297397898
0.06138102297397898
0.06138102297397898
0.06138102297397898
0.06138102297397898
0.06138102297397898
0.06138102297397898
0.06138102297397898
0.06138102297397898
0.06138102297397898
0.06138102297397898
0.06138102297397898
0.06138102297397898
0.06138102297397898
0.06138102297397898
0.06138102297397898
0.06138102297397898
0.06138102297397898
0.06138102297397898
0.06138102297397898
0.06138102297397898
0.06138102297397898
0.06138102297397898
0.06138102297397898
0.06138102297397898
0.06138102297397898
0.06138102297397898
0.06138102297397898
0.06138102297397898
0.06138102297397898
0.06138102297397898
0.06138102297397898
0.06138102297397898
0.06138102297397898
0.06138102297397898
0.06138102297397898
0.06138102297397898
0.06138102297397898
0.06138102297397898
0.06138102297397898
0.06138102297397898
0.06138102297397898
0.06138102297397898
0.06138102297397898
0.06138102297397898
0.06138102297397898
0.06138102297397898
0.06138102297397898
0.06138102297397898
0.06138102297397898
0.06138102297397898
0.06138102297397898
0.06138102297397898
0.06138102297397898
0.06138102297397898
0.06138102297397898
0.06138102297397898
0.06138102297397898
0.06138102297397898
0.06138102297397898
0.06138102297397898
0.06138102297397898
0.06138102297397898
0.06138102297397898
0.06138102297397898
0.06138102297397898
0.06138102297397898
0.06138102297397898
0.06138102297397898
0.06138102297397898
0.06138102297397898
0.06138102297397898
0.06138102297397898
0.06138102297397898
0.06138102297397898
0.06138102297397898
0.06138102297397898
0.06138102297397898
0.06680669427493734
0.5710714872904562
0.00045835815709837084
0.0004359004626488665
0.0004359004626488665
0.0004333918214175662
0.0004317493669606946
0.0004333918214175662
0.5832577158948672
0.0004339175323498749
0.00043467882877902916
0.0004359004626488665
0.0004359004626488665
0.0004359004626488665
0.0004359004626488665
0.00043821449003141494
0.0004435706997222138
0.0004435706997222138
0.0005035317503323672
0.0005035317503323672
0.0006397884394311136
0.0018166896383633498
0.0034871249269808335
0.006701266891278544
0.06138102297397898
0.06138102297397898
0.06138102297397898
0.06138102297397898
0.06138102297397898
0.06138102297397898
0.06138102297397898
0.06138102297397898
0.06138102297397898
0.06138102297397898
0.06138102297397898
0.06138102297397898
0.06138102297397898
0.06138102297397898
0.06138102297397898
0.06138102297397898
0.06138102297397898
0.06138102297397898
0.06138102297397898
0.06138102297397898
0.06138102297397898
0.06138102297397898
0.06138102297397898
0.06138102297397898
0.06138102297397898
0.06138102297397898
0.06138102297397898
0.06138102297397898
0.06138102297397898
0.06138102297397898
0.06138102297397898
0.06138102297397898
0.06138102297397898
0.06138102297397898
0.06138102297397898
0.06138102297397898
0.06138102297397898
0.06138102297397898
0.06138102297397898
0.06138102297397898
0.06138102297397898
0.06138102297397898
0.06138102297397898
0.06138102297397898
0.06138102297397898
0.06138102297397898
0.06138102297397898
0.06138102297397898
0.06138102297397898
0.06138102297397898
0.06138102297397898
0.06138102297397898
0.06138102297397898
0.001000405377543134
0.06138102297397898
0.06138102297397898
0.06138102297397898
0.00045622051478531227
0.0005035317503323672
0.06138102297397898
0.0037089052309216847
0.0007364299770232911
0.0012989419839241432
0.0004320914360611682
0.0012989419839241432
0.0012989419839241432
0.0018205149098804926
0.0037089052309216847
0.08439666498442146
0.06138102297397898
0.0042190064942429824
0.009684377802960732
0.004150939311352807
0.0162382107100924
0.018666294056722592
0.06138102297397898
0.016633242192552234
0.0162382107100924
0.013393289513696312
0.004150939311352807
0.009982014608870087
0.022118463631494868
0.020095860955362643
0.020095860955362643
0.024972093520566455
0.018231059726565482
0.020095860955362643
0.00048144407912365525
0.0005726030670031875
0.016515595315243433
0.01062602916095548
0.06138121920484324
0.01319449819716006
0.5083854577571045
0.013194469109935745
0.5052332542560748
0.5083854577571045
0.508494929559584
0.5012340749923552
0.5007593157058411
0.5002980754833473
0.500003372769509
0.06138102297397898
0.06138102297397898
0.06138102297397898
0.06138102297397898
0.06138102297397898
0.06138102297397898
0.06138102297397898
0.06138102297397898
0.06138102297397898
0.06138102297397898
0.06138102297397898
0.06138102297397898
0.06138102297397898
0.06138102297397898
0.06138102297397898
0.06138102297397898
0.06138102297397898
0.06138102297397898
0.06138102297397898
0.06138102297397898
0.06138102297397898
0.06138102297397898
0.06138102297397898
0.06138102297397898
0.06138102297397898
0.06138102297397898
0.06138102297397898
0.06138102297397898
0.06138102297397898
0.04390263944744726
0.02040011881514558
0.013325452530961814
0.5053182455545262
0.5032857041542228
0.5020150150660446
0.5000033792880354
0.5000033821849529
0.06138102297397898
0.06138102297397898
0.06138102297397898
0.06138102297397898
0.06138102297397898
0.06138102297397898
0.06138102297397898
0.06138102297397898
0.06138102297397898
0.06138102297397898
0.06138102297397898
0.06138102297397898
0.06138102297397898
0.06138102297397898
0.06138102297397898
0.06138102297397898
0.06138102297397898
0.06138102297397898
0.06138102297397898
0.06138102297397898
0.06138102297397898
0.06138102297397898
0.06138102297397898
0.06138102297397898
0.06138102297397898
0.06138102297397898
0.06138102297397898
0.06138102297397898
0.06138102297397898
0.06138102297397898
0.06138102297397898
0.06138102297397898
0.06138102297397898
0.06138102297397898
0.06138102297397898
0.06138102297397898
0.06138102297397898
0.06138102297397898
0.06138102297397898
0.06138102297397898
0.06138102297397898
0.06138102297397898
0.06138102297397898
0.06138102297397898
0.06138102297397898
0.06138102297397898
0.06138102297397898
0.06138102297397898
0.06138102297397898
0.06138102297397898
0.06138102297397898
0.06138102297397898
0.06138102297397898
0.06138102297397898
0.06138102297397898
0.06138102297397898
0.06138102297397898
0.06138102297397898
0.06138102297397898
0.06138102297397898
0.06138102297397898
0.06138102297397898
0.06138102297397898
0.06138102297397898
0.06138102297397898
0.06138102297397898
0.06138102297397898
0.06138102297397898
0.06138102297397898
0.06138102297397898
0.06138102297397898
0.06138102297397898
0.06138102297397898
0.06138102297397898
0.06138102297397898
0.06138102297397898
0.06138102297397898
0.06138102297397898
0.06138102297397898
0.06138102297397898
0.06138102297397898
0.06138102297397898
0.06138102297397898
0.06138102297397898
0.06138102297397898
0.06138102297397898
0.06138102297397898
0.06138102297397898
0.06138102297397898
0.06138102297397898
0.06138102297397898
0.06138102297397898
0.06138102297397898
0.06138102297397898
0.06138102297397898
0.06138102297397898
0.06138102297397898
0.06138102297397898
0.06138102297397898
0.06138102297397898
0.06138102297397898
0.06138102297397898
0.06138102297397898
0.06138102297397898
0.06138102297397898
0.06138102297397898
0.06138102297397898
0.06138102297397898
0.06138102297397898
0.06138102297397898
0.06138102297397898
0.06138102297397898
0.06138102297397898
0.06138102297397898
0.06138102297397898
0.06138102297397898
0.06138102297397898
0.06138102297397898
0.06138102297397898
0.06138102297397898
0.06138102297397898
0.06138102297397898
0.06138102297397898
0.06138102297397898
0.06138102297397898
0.06138102297397898
0.06138102297397898
0.06138102297397898
0.06138102297397898
0.06138102297397898
0.06138102297397898
0.06138102297397898
0.06138102297397898
0.06138102297397898
0.06138102297397898
0.06138102297397898
0.06138102297397898
0.06138102297397898
0.06138102297397898
0.06138102297397898
0.06138102297397898
0.06138102297397898
0.06138102297397898
0.06138102297397898
0.06138102297397898
0.06138102297397898
0.06138102297397898
0.06138102297397898
0.06138102297397898
0.06138102297397898
0.06138102297397898
0.06138102297397898
0.06138102297397898
0.06138102297397898
0.06138102297397898
0.06138102297397898
0.06138102297397898
0.06138102297397898
0.06138102297397898
0.06138102297397898
0.06138102297397898
0.06138102297397898
0.06138102297397898
0.06138102297397898
0.06138102297397898
0.06138102297397898
0.06138102297397898
0.06138102297397898
0.06138102297397898
0.06138102297397898
0.06138102297397898
0.06138102297397898
0.06138102297397898
0.06138102297397898
0.06138102297397898
0.06138102297397898
0.06138102297397898
0.06138102297397898
0.06138102297397898
0.06138102297397898
0.06138102297397898
0.06138102297397898
0.06138102297397898
0.06138102297397898
0.06138102297397898
0.06138102297397898
0.06138102297397898
0.06138102297397898
0.06138102297397898
0.06138102297397898
0.06138102297397898
0.06138102297397898
0.06138102297397898
0.06138102297397898
0.06138102297397898
0.06138102297397898
0.06138102297397898
0.06138102297397898
0.06138102297397898
0.06138102297397898
0.06138102297397898
0.06138102297397898
0.06138102297397898
0.06138102297397898
0.06138102297397898
0.06138102297397898
0.06138102297397898
0.06138102297397898
0.06138102297397898
0.06138102297397898
0.06138102297397898
0.06138102297397898
0.06138102297397898
0.06138102297397898
0.06138102297397898
0.06138102297397898
0.06138102297397898
0.06138102297397898
0.06138102297397898
0.06138102297397898
0.06138102297397898
0.06138102297397898
0.06138102297397898
0.06138102297397898
0.06138102297397898
0.06138102297397898
0.06138102297397898
0.06138102297397898
0.06138102297397898
0.06138102297397898
0.06138102297397898
0.06138102297397898
0.06138102297397898
0.06138102297397898
0.06138102297397898
0.06138102297397898
0.06138102297397898
0.06138102297397898
0.06138102297397898
0.06138102297397898
0.06138102297397898
0.0045341259414370776
0.00043401195464865666
0.5000046256178766
0.4949387626315769
0.5000033861267371
0.4990754163479022
0.4999969997590402
0.5000033698807447
0.06138102297397898
0.06138102297397898
0.06138102297397898
0.06138102297397898
0.06138102297397898
0.06138102297397898
0.06138102297397898
0.06138102297397898
0.06138102297397898
0.06138102297397898
0.06138102297397898
0.06138102297397898
0.06138102297397898
0.06138102297397898
0.06138102297397898
0.06138102297397898
0.06138102297397898
0.06138102297397898
0.06138102297397898
0.06138102297397898
0.06138102297397898
0.06138102297397898
0.06138102297397898
0.06138102297397898
0.06138102297397898
0.06138102297397898
0.06138102297397898
0.06138102297397898
0.06138102297397898
0.06138102297397898
0.06138102297397898
0.06138102297397898
0.06138102297397898
0.06138102297397898
0.06138102297397898
0.06138102297397898
0.06138102297397898
0.06138102297397898
0.06138102297397898
0.06138102297397898
0.06138102297397898
0.06138102297397898
0.06138102297397898
0.06138102297397898
0.06138102297397898
0.06138102297397898
0.06138102297397898
0.06138102297397898
0.06138102297397898
0.06138102297397898
0.06138102297397898
0.06138102297397898
0.06138102297397898
0.06138102297397898
0.06138102297397898
0.06138102297397898
0.06138102297397898
0.06138102297397898
0.06138102297397898
0.06138102297397898
0.06138102297397898
0.06138102297397898
0.06138102297397898
0.06138102297397898
0.06138102297397898
0.06138102297397898
0.06138102297397898
0.06138102297397898
0.06138102297397898
0.06138102297397898
0.06138102297397898
0.06138102297397898
0.06138102297397898
0.06138102297397898
0.06138102297397898
0.06138102297397898
0.06138102297397898
0.06138102297397898
0.06138102297397898
0.06138102297397898
0.06138102297397898
0.06138102297397898
0.06138102297397898
0.06138102297397898
0.06138102297397898
0.06138102297397898
0.06138102297397898
0.06138102297397898
0.06138102297397898
0.06138102297397898
0.06138102297397898
0.06138102297397898
0.06138102297397898
0.02970960388134505
0.6115260797233769
0.5057931479041707
0.502159833124399
0.004263921370548126
0.004263921370548126
0.5021810403421297
0.00953212543883259
0.00953212543883259
0.017369778791703087
0.017369778791703087
0.01736977469365293
0.01736977469365293
0.01736977469365293
0.026463857979090552
0.026463857979090552
0.030168443798446475
0.030168443798446475
0.030168443798446475
0.030168443798446475
0.030168443798446475
0.030168437596423313
0.030168437596423313
0.03427247461075373
0.03427247461075373
0.023225514839738087
0.015297061147987455
0.015297057877150827
0.015297057877150827
0.09353111564748476
0.16727349750509182
0.737445661126268
0.16309740593417613
0.012926626028701062
0.02322054468215917
0.023257137999230692
0.023302547336724332
0.023397238235230728
0.5235249453785612
0.02348151574685444
0.023428700652271782
0.02342469911035965
0.023426179334495267
0.02355892398059048
0.023270339078675685
0.022237794534180514
0.4388773668244201
0.16455594699209106
0.01440215857239881
0.016516424200348056
0.018892393669657073
0.021551723964316406
0.06284027852064632
