0.0020624343625747976
0.5000000909078388
0.5000000909078388
0.5000000909078388
0.5000000909078388
0.5000000909078388
0.5000000909078388
0.5000000909078388
0.5000000909078388
0.5000000909078388
0.5000000909078388
0.5000000909078388
0.5000000909078388
0.5000000909078388
0.5000000909078388
0.5000000909078388
0.5000000909078388
0.5000000909078388
0.5000000909078388
0.5000000909078388
0.5000000909078388
0.5000000909078388
0.5000000909078388
0.5000000909078388
0.5000000909078388
0.5000000909078388
0.5000000909078388
0.49999823071023103
0.4999963468212977
0.4999963468212977
0.5000000909078388
0.5000000909078388
0.5000000909078388
0.5000000909078388
0.5000000909078388
0.5000000909078388
0.5000000909078388
0.5000000909078388
0.5000000909078388
0.5000000909078388
0.5000000909078388
0.5000000909078388
0.5000000909078388
0.5000000909078388
0.5000000909078388
0.5000000909078388
0.5000000909078388
0.5000000909078388
0.5000000909078388
0.5000000909078388
0.5000000909078388
0.5000000909078388
0.5000000909078388
0.5000000909078388
0.5000000909078388
0.5000000909078388
0.5000000909078388
0.5000000909078388
0.5000000909078388
0.5000000909078388
0.5000000909078388
0.5000000909078388
0.5000000909078388
0.5000000909078388
0.5000000909078388
0.5000000909078388
0.5000000909078388
0.5000000909078388
0.5000000909078388
0.5000000909078388
0.5000000909078388
0.5000000909078388
0.5000000909078388
0.5000000909078388
0.5000000909078388
0.5000000909078388
0.5000000909078388
0.5000000909078388
0.5000000909078388
0.5000000909078388
0.5000000909078388
0.5000000909078388
0.5000094541229169
1.000025166266237
0.5000000909078388
1.000038446155475
0.9999987553314494
0.9999986515467582
0.9999731363995222
0.5000000909078388
0.5000000909078388
0.5000000909078388
0.5000000909078388
0.5000000909078388
0.5000000909078388
0.5000000909078388
0.5000000909078388
0.5000000909078388
0.5000000909078388
0.5000000909078388
0.5000000909078388
0.5000000909078388
0.5000000909078388
0.5000000909078388
0.5000000909078388
0.5000000909078388
0.5000000909078388
0.5000000909078388
0.5000000909078388
0.5000000909078388
0.5000000909078388
0.5000000909078388
0.5000000909078388
0.5000000909078388
0.5000000909078388
0.5000000909078388
0.5000000909078388
0.5000000909078388
0.5000000909078388
0.5000000909078388
0.5000000909078388
0.5000000909078388
0.5000000909078388
0.5000000909078388
0.5000000909078388
0.5000000909078388
0.5000000909078388
0.5000000909078388
0.5000000909078388
0.5000000909078388
0.5000000909078388
0.5000000909078388
0.5000000909078388
0.5000000909078388
0.5000000909078388
0.5000000909078388
0.5000000909078388
0.5000000909078388
0.5000000909078388
0.5000000909078388
0.5000000909078388
0.5000000909078388
0.5000000909078388
0.5000000909078388
0.5000000909078388
0.5000000909078388
0.5000000909078388
0.5000000909078388
0.5000000909078388
0.5000000909078388
0.5000000909078388
0.5000000909078388
0.5000000909078388
0.5000000909078388
0.5000000909078388
0.5000000909078388
0.5000000909078388
0.5000000909078388
0.5000000909078388
0.5000000909078388
0.5000000909078388
0.5000000909078388
0.5000000909078388
0.5000000909078388
0.5000000909078388
0.5000000909078388
0.5000000909078388
0.5000324244568226
0.500038125398381
0.5000170492684507
0.5000000909078388
0.5000000909078388
0.5000000909078388
0.5000000909078388
0.5000000909078388
0.5000000909078388
0.5000000909078388
0.5000000909078388
0.5000000909078388
0.5000000909078388
0.5000000909078388
0.5000000909078388
0.5000000909078388
0.5000000909078388
0.5000000909078388
0.5000000909078388
0.5000000909078388
0.5000000909078388
0.5000000909078388
0.5000000909078388
0.5000000909078388
0.5000000909078388
0.5000000909078388
0.5000000909078388
0.5000000909078388
0.5000000909078388
0.5000000909078388
0.5000000909078388
0.5000000909078388
0.5000000909078388
0.5000000909078388
0.5000000909078388
0.5000000909078388
0.5000000909078388
0.5000000909078388
0.5000000909078388
0.5000000909078388
0.5000000909078388
0.5000000909078388
0.5000000909078388
0.5000000909078388
0.5000000909078388
0.5000000909078388
0.5000000909078388
0.5000000909078388
0.5000000909078388
0.5000000909078388
0.5000000909078388
0.5000000909078388
0.5000000909078388
0.5000000909078388
0.5000000909078388
0.5000000909078388
0.5000000909078388
0.5000000909078388
0.5000000909078388
0.5000000909078388
0.5000000909078388
0.5000000909078388
0.5000000909078388
0.5000000909078388
0.5000000909078388
0.5000000909078388
0.5000000909078388
0.5000000909078388
0.5000000909078388
0.5000000909078388
0.5000000909078388
0.5000000909078388
0.5000000909078388
0.5000000909078388
0.5000000909078388
0.5000000909078388
0.5000000909078388
0.5000000909078388
0.5000000909078388
0.5000000909078388
0.5000000909078388
0.5000000909078388
0.5000000909078388
0.4999963170004151
0.00030171478770646344
0.00030171478770646344
0.4999921703965338
0.9999856171729791
0.00030240405501160024
0.00030272384865505933
0.9999731363995222
0.5000000909078388
0.5000000909078388
0.5000000909078388
0.5000000909078388
0.5000000909078388
0.5000000909078388
0.5000000909078388
0.5000000909078388
0.5000000909078388
0.5000000909078388
0.5000000909078388
0.5000000909078388
0.5000000909078388
0.5000000909078388
0.5000000909078388
0.5000000909078388
0.5000000909078388
0.5000000909078388
0.5000000909078388
0.5000000909078388
0.5000000909078388
0.5000000909078388
0.5000000909078388
0.5000000909078388
0.5000000909078388
0.5000000909078388
0.5000000909078388
0.5000000909078388
0.5000000909078388
0.5000000909078388
0.5000000909078388
0.5000000909078388
0.5000000909078388
0.5000000909078388
0.5000000909078388
0.5000000909078388
0.5000000909078388
0.5000000909078388
0.5000000909078388
0.5000000909078388
0.5000000909078388
0.5000000909078388
0.5000000909078388
0.5000000909078388
0.5000000909078388
0.5000000909078388
0.5000000909078388
0.5000000909078388
0.5000000909078388
0.5000000909078388
0.5000000909078388
0.5000000909078388
0.5000000909078388
0.5000000909078388
0.00030223018110292396
0.4998555513813271
0.49984011274286566
0.4999997868159365
0.49999985924742857
0.5000000909078388
0.5000000909078388
0.5000000909078388
0.5000000909078388
0.5000000909078388
0.5000000909078388
0.5000000909078388
0.49999994402765036
0.49999980051321646
0.9999994811022188
0.5000000909078388
0.4999996610977705
0.00030188830627681955
0.9999987553314494
0.00030290203610338116
0.9999731363995222
0.5000000909078388
0.5000000909078388
0.5000000909078388
0.5000000909078388
0.5000000909078388
0.5000000909078388
0.5000000909078388
0.5000000909078388
0.5000000909078388
0.5000000909078388
0.5000000909078388
0.5000000909078388
0.5000000909078388
0.5000000909078388
0.5000000909078388
0.5000000909078388
0.5000000909078388
0.5000000909078388
0.49999823071023103
0.4999944402209398
0.4999963468212977
0.4999963468212977
0.4999963468212977
0.5000000909078388
0.5000000909078388
0.5000000909078388
0.5000000909078388
0.5000000909078388
0.5000000909078388
0.5000000909078388
0.5000000909078388
0.5000000909078388
0.5000000909078388
0.5000000909078388
0.5000000909078388
0.5000000909078388
0.5000000909078388
0.5000000909078388
0.5000000909078388
0.5000000909078388
0.5000000909078388
0.5000000909078388
0.5000000909078388
0.5000000909078388
0.5000000909078388
0.5000000909078388
0.5000000909078388
0.5000000909078388
0.5000000909078388
0.5000000909078388
0.500004000741541
0.0003017569186930076
0.5000122690755299
0.00030248132416874757
0.00031059830688014324
0.00032758474251676125
0.0003323024761494298
0.0003385389624453798
0.5001260174511232
0.500123580174719
0.5001236601526652
0.5001087086496585
0.5001041070479987
0.5001041070479987
0.5000880295570944
0.5000880931428799
0.5000750970854404
0.5000750970854404
0.5000626746756603
0.5000627313393412
0.5000627313393412
0.5000509664803466
0.5000509664803466
0.5000509664803466
0.5000397744390441
0.5000397744390441
0.5000291284397973
0.5000291284397973
0.5000189579442615
0.5000189579442615
0.5000189579442615
0.5000092865690562
0.5000092865690562
0.5000092865690562
0.5000000909078388
0.5000000909078388
0.5000000909078388
0.5000000909078388
0.5000000909078388
0.5000000909078388
0.5000000909078388
0.5000000909078388
0.5000000909078388
0.5000000909078388
0.5000000909078388
0.5000000909078388
0.5000000909078388
0.5000000909078388
0.5000000909078388
0.5000000909078388
0.5000000909078388
0.5000000909078388
0.5000000909078388
0.5000000909078388
0.5000000909078388
0.5000000909078388
0.5000000909078388
0.5000000909078388
0.5000000909078388
0.5000000909078388
0.5000000909078388
0.5000000909078388
0.5000000909078388
0.5000000909078388
0.5000000909078388
0.5000000909078388
0.5000000909078388
0.5000000909078388
0.5000000909078388
0.5000000909078388
0.5000000909078388
0.5000000909078388
0.5000000909078388
0.5000000909078388
0.5000000909078388
0.5000000909078388
0.5000000909078388
0.5000000909078388
0.5000000909078388
0.5000000909078388
0.5000000909078388
0.5000000909078388
0.5000000909078388
0.5000000909078388
0.5000219002403107
0.500038125398381
0.5000324244568226
0.500038125398381
0.500038125398381
0.5000219002403107
0.5000000909078388
0.5000000909078388
0.5000000909078388
0.5000000909078388
0.5000000909078388
0.5000000909078388
0.5000000909078388
0.5000000909078388
0.5000000909078388
0.5000003814449117
0.5000006728620486
0.500000965707455
0.5000000909078388
0.5000000909078388
0.5000000909078388
0.999998788091769
0.5000000909078388
0.5000642084326713
0.5000642084326713
0.5000000909078388
0.5000393183808638
0.5000393183808638
0.5000000909078388
0.5000355889373448
0.5000252007379516
0.500018888976735
0.5000102466824787
0.5000000909078388
0.5000000909078388
0.5000000909078388
0.5000000909078388
0.5000000909078388
0.5000000909078388
0.5000000909078388
0.5000000909078388
0.5000000909078388
0.5000000909078388
0.5000000909078388
0.5000000909078388
0.5000000909078388
0.5000000909078388
0.5000000909078388
0.5000000909078388
0.5000000909078388
0.5000000909078388
0.5000000909078388
0.5000000909078388
0.5000000909078388
0.5000000909078388
0.5000000909078388
0.5000000909078388
0.5000000909078388
0.5000000909078388
0.500002011443994
0.5000060620643723
0.00030186176366506483
0.0003023146131741719
0.00030279338471917176
0.0003211970661474107
0.0003410157925997936
0.00034194280738618734
0.00034823988932747833
0.5001470997109945
0.5001419372908875
0.5001445439030078
0.5001260174511232
0.500123580174719
0.5001236601526652
0.5001087086496585
0.5001041070479987
0.5000901953270644
0.5000880295570944
0.5000880931428799
0.5000750970854404
0.5000750970854404
0.5000626746756603
0.5000627313393412
0.5000627313393412
0.5000509664803466
0.5000509664803466
0.5000509664803466
0.5000397744390441
0.5000397744390441
0.5000291284397973
0.5000291284397973
0.5000189579442615
0.5000189579442615
0.5000189579442615
0.5000092865690562
0.5000092865690562
0.5000092865690562
0.5000000909078388
0.5000000909078388
0.5000000909078388
0.5000000909078388
0.5000000909078388
0.5000000909078388
0.5000000909078388
0.5000000909078388
0.5000000909078388
0.5000000909078388
0.5000000909078388
0.5000000909078388
0.5000000909078388
0.5000000909078388
0.5000000909078388
0.5000000909078388
0.5000000909078388
0.5000000909078388
0.5000000909078388
0.5000000909078388
0.5000000909078388
0.5000000909078388
0.5000000909078388
0.5000000909078388
0.5000000909078388
0.5000000909078388
0.5000000909078388
0.5000000909078388
0.5000000909078388
0.5000000909078388
0.5000000909078388
0.5000000909078388
0.5000000909078388
0.5000000909078388
0.5000000909078388
0.5000000909078388
0.5000000909078388
0.5000000909078388
0.5000000909078388
0.5000000909078388
0.5000000909078388
0.5000000909078388
0.5000000909078388
0.5000000909078388
0.5000000909078388
0.5000000909078388
0.5000000909078388
0.5000000909078388
0.5000000909078388
0.5000000909078388
0.5000000909078388
0.5000000909078388
0.5000000909078388
0.5000000909078388
0.5000000909078388
0.5000000909078388
0.5000000909078388
0.5000000909078388
0.5000000909078388
0.49994824657002224
0.49996537330270047
0.5000000909078388
0.5000000909078388
0.5000000909078388
0.5000000909078388
0.5000000909078388
0.5000000909078388
0.5000003520156577
0.5000004473655055
0.5000000909078388
0.9999930168105147
0.5000794520964584
0.5000794520964584
0.5000642084326713
0.5000642084326713
0.5000504790253354
0.5000000909078388
0.5000000909078388
0.5000000909078388
0.5000000909078388
0.5000000909078388
0.5000000909078388
0.5000000909078388
0.5000000909078388
0.5000000909078388
0.5000000909078388
0.5000000909078388
0.5000000909078388
0.5000000909078388
0.5000000909078388
0.5000000909078388
0.5000000909078388
0.5000000909078388
0.5000000909078388
0.5000000909078388
0.5000000909078388
0.5000000909078388
0.5000000909078388
0.5000000909078388
0.5000000909078388
0.5000000909078388
0.5000000909078388
0.5000000909078388
0.5000000909078388
0.5000000909078388
0.5000000909078388
0.5000000909078388
0.5000000909078388
0.5000000909078388
0.5000000909078388
0.5000000909078388
0.5000000909078388
0.5000000909078388
0.5000000909078388
0.500014468425696
1.0000309163371648
1.0000254901446632
0.9999987553314494
0.9999986959251372
0.0003031088796416082
0.5000000909078388
0.5000000909078388
0.5000000909078388
0.5000000909078388
0.5000000909078388
0.5000000909078388
0.5000000909078388
0.5000000909078388
0.5000000909078388
0.5000000909078388
0.5000019486985591
0.5000027978222974
0.00030173032194412717
0.00030564375390246316
0.00031027541525774604
0.5000811799894763
0.5000811799894763
0.5000811799894763
0.5000811799894763
0.5000967848265003
0.5000967848265003
0.5000967848265003
0.0003177518219339793
0.5000750370604041
0.5000750970854404
0.5000750970854404
0.5000626746756603
0.5000627313393412
0.5000627313393412
0.5000509664803466
0.5000509664803466
0.5000397239439276
0.5000398225982345
0.5000398225982345
0.5000291284397973
0.5000291284397973
0.5000291284397973
0.5000189579442615
0.5000189579442615
0.5000092865690562
0.5000092865690562
0.5000092865690562
0.5000000909078388
0.5000000909078388
0.5000000909078388
0.5000000909078388
0.5000000909078388
0.5000000909078388
0.5000000909078388
0.5000000909078388
0.5000000909078388
0.5000000909078388
0.5000000909078388
0.5000000909078388
0.5000000909078388
0.5000000909078388
0.5000000909078388
0.5000000909078388
0.5000000909078388
0.5000000909078388
0.5000000909078388
0.5000000909078388
0.5000000909078388
0.5000000909078388
0.5000000909078388
0.5000000909078388
0.5000000909078388
0.5000000909078388
0.5000000909078388
0.5000000909078388
0.5000000909078388
0.5000000909078388
0.5000000909078388
0.5000000909078388
0.5000000909078388
0.5000000909078388
0.5000000909078388
0.5000000909078388
0.5000000909078388
0.5000000909078388
0.5000000909078388
0.5000000909078388
0.5000000909078388
0.5000000909078388
0.5000000909078388
0.5000000909078388
0.5000000909078388
0.5000000909078388
0.5000000909078388
0.5000000909078388
0.5000000909078388
0.5000000909078388
0.5000000909078388
0.5000000909078388
0.5000000909078388
0.5000000909078388
0.5000000909078388
0.5000000909078388
0.5000000909078388
0.5000000909078388
0.5000000909078388
0.5000000909078388
0.5000000909078388
0.5000000909078388
0.5000000909078388
0.5000000909078388
0.5000000909078388
0.5000000909078388
0.5000000909078388
0.5000000909078388
0.5000000909078388
0.5000000909078388
0.5000000909078388
0.5000000909078388
0.5000000909078388
0.5000000909078388
0.5000000909078388
0.5000000909078388
0.5000000909078388
0.5000000909078388
0.5000000909078388
0.5000000909078388
0.5000000909078388
0.5000000909078388
0.5000000909078388
0.5000000909078388
0.5000000909078388
0.5000000909078388
0.5000000909078388
0.5000000909078388
0.5000000909078388
0.5000000909078388
0.5000000909078388
0.5000000909078388
0.5000000909078388
0.5000000909078388
0.5000000909078388
0.5000000909078388
0.5000000909078388
0.5000000909078388
0.5000000909078388
0.5000000909078388
0.5000000909078388
0.5000000909078388
0.5000000909078388
0.5000000909078388
0.5000000909078388
0.5000000909078388
0.5000000909078388
0.5000000909078388
0.5000000909078388
0.5000000909078388
0.5000000909078388
0.5000000909078388
0.5000000909078388
0.5000000909078388
0.5000000909078388
0.5000000909078388
0.5000000909078388
0.5000000909078388
0.5000000909078388
0.5000000909078388
0.5000000909078388
0.5000000909078388
0.5000000909078388
0.5000000909078388
0.5000094541229169
1.0000309163371648
1.000025166266237
0.999998913518623
0.9999986959251372
0.9999761054770375
0.00030330706204862226
0.5000000909078388
0.5000000909078388
0.5000000909078388
0.5000000909078388
0.5000000909078388
0.5000000909078388
0.5000000909078388
0.5000000909078388
0.5000000909078388
0.5000000909078388
0.5000000909078388
0.5000000909078388
0.5000000909078388
0.5000000909078388
0.5000000909078388
0.5000000909078388
0.5000000909078388
0.5000000909078388
0.5000000909078388
0.5000000909078388
0.5000000909078388
0.5000000909078388
0.5000000909078388
0.5000000909078388
0.5000000909078388
0.5000000909078388
0.5000000909078388
0.5000000909078388
0.5000019486985591
0.5000027978222974
0.00030173032194412717
0.00030564375390246316
0.00031027541525774604
0.5000811243212437
0.5000811243212437
0.5000811243212437
0.5000946746607081
0.5000946746607081
0.5000967235698034
0.5000967235698034
0.5000967235698034
0.0003171067306355433
0.5000880931428799
0.5000750970854404
0.5000750970854404
0.5000750970854404
0.5000627313393412
0.5000627313393412
0.5000509664803466
0.5000509664803466
0.5000509664803466
0.5000397744390441
0.5000397744390441
0.5000398225982345
0.5000291284397973
0.5000291284397973
0.5000189579442615
0.5000189579442615
0.5000189579442615
0.5000092865690562
0.5000092865690562
0.5000000909078388
0.5000000909078388
0.5000000909078388
0.5000000909078388
0.5000000909078388
0.5000000909078388
0.5000000909078388
0.5000000909078388
0.5000000909078388
0.5000000909078388
0.5000000909078388
0.5000000909078388
0.5000000909078388
0.5000000909078388
0.5000000909078388
0.5000000909078388
0.5000000909078388
0.5000000909078388
0.5000000909078388
0.5000000909078388
0.5000000909078388
0.5000000909078388
0.5000000909078388
0.5000000909078388
0.5000000909078388
0.5000000909078388
0.5000000909078388
0.5000000909078388
0.5000000909078388
0.5000000909078388
0.5000000909078388
0.5000000909078388
0.5000000909078388
0.5000000909078388
0.5000000909078388
0.5000000909078388
0.5000000909078388
0.5000000909078388
0.5000000909078388
0.5000000909078388
0.5000000909078388
0.5000000909078388
0.5000000909078388
0.5000000909078388
0.5000000909078388
0.5000000909078388
0.5000000909078388
0.5000000909078388
0.5000000909078388
0.5000000909078388
0.5000000909078388
0.5000000909078388
0.5000000909078388
0.5000000909078388
0.5000000909078388
0.5000000909078388
0.5000000909078388
0.5000000909078388
0.5000000909078388
0.5000000909078388
0.5000000909078388
0.5000000909078388
0.5000000909078388
0.5000000909078388
0.5000000909078388
0.5000000909078388
0.5000000909078388
0.5000000909078388
0.5000000909078388
0.5000000909078388
0.5000000909078388
0.5000000909078388
0.5000000909078388
0.5000000909078388
0.5000000909078388
0.5000000909078388
0.5000000909078388
0.5000000909078388
0.5000000909078388
0.5000000909078388
0.5000000909078388
