0.2527926506983631
0.5000001568874161
0.5000001568874161
0.5000001568874161
0.5000001568874161
0.5000001568874161
0.5000001568874161
0.5000001568874161
0.5000001568874161
0.5000001568874161
0.5000001568874161
0.5000001568874161
0.5000001568874161
0.5000001568874161
0.5000001568874161
0.5000001568874161
0.5000001568874161
0.5000001568874161
0.5000001568874161
0.5000001568874161
0.5000001568874161
0.5000001568874161
0.5000001568874161
0.5000001568874161
0.5000001568874161
0.5000001568874161
0.5000001568874161
0.5000001568874161
0.5000001568874161
0.5000001568874161
0.5000001568874161
0.5000001568874161
0.5000001568874161
0.5000001568874161
0.5000001568874161
0.5000001568874161
0.5000001568874161
0.5000001568874161
0.5000001568874161
0.9198348940168265
0.8746356487385856
0.5000001568874161
0.41859903637239626
0.4096465537723072
0.5000001568874161
0.44463568989322505
0.4274188668928173
0.6616603067174418
0.5712819201937309
0.6616603067174418
0.5712819201937309
0.6616603067174418
0.5000001568874161
0.8746356487385856
0.5000001568874161
0.3913729473197772
0.3247896289188387
0.3085280894776513
0.5000001568874161
0.5000001922527177
0.3085281328770992
0.34097123047681294
0.3728554230572611
0.5000001568874161
0.5000001568874161
0.5000001568874161
0.5000001568874161
0.5000001568874161
0.5000001568874161
0.5000001568874161
0.5000001568874161
0.5000001568874161
0.5000001568874161
0.5000001568874161
0.5000001568874161
0.5000001568874161
0.5000001568874161
0.5000001568874161
0.5000001568874161
0.5000001568874161
0.5000001568874161
0.5000001568874161
0.5000001568874161
0.5000001568874161
0.5000001568874161
0.5000001568874161
0.5000001568874161
0.5000001568874161
0.5000001568874161
0.5000001568874161
0.5000001568874161
0.5000001568874161
0.5000001568874161
0.5000001568874161
0.5000001568874161
0.5000001568874161
0.5000001568874161
0.5000001568874161
0.5000001568874161
0.5000001568874161
0.5000001568874161
0.5000001568874161
0.5000001568874161
0.5000001568874161
0.5000001568874161
0.5000001568874161
0.5000001568874161
0.5000001568874161
0.5000001568874161
0.5000001568874161
0.5000001568874161
0.5000001568874161
0.5000001568874161
0.5000001568874161
0.5000001568874161
0.5000001568874161
0.5000001568874161
0.5000001568874161
0.5000001568874161
0.5000001568874161
0.5000001568874161
0.5000001568874161
0.5000001568874161
0.5000001568874161
0.5000001568874161
0.5000001568874161
0.5000001568874161
0.5000001568874161
0.5000001568874161
0.5000001568874161
0.5000001568874161
0.5000001568874161
0.5000001568874161
0.5000001568874161
0.5000001568874161
0.5000001568874161
0.5000001568874161
0.5000001568874161
0.5000001568874161
0.5000001568874161
0.5000001568874161
0.5000001568874161
0.5000001568874161
0.5000001568874161
0.5000001568874161
0.5000001568874161
0.5000001568874161
0.5000001568874161
0.5000001568874161
0.5000001568874161
0.5000001568874161
0.5000001568874161
0.5000001568874161
0.5000001568874161
0.5000001568874161
0.5000001568874161
0.5000001568874161
0.5000001568874161
0.5000001568874161
0.5000001568874161
0.5000001568874161
0.5000001568874161
0.5000001568874161
0.5000001568874161
0.5000001568874161
0.5000001568874161
0.5000001568874161
0.5000001568874161
0.5000001568874161
0.5000001568874161
0.5000001568874161
0.5000001568874161
0.5000001568874161
0.5000001568874161
0.5000001568874161
0.5000001568874161
0.5000001568874161
0.5000001568874161
0.5000001568874161
0.5000001568874161
0.5000001568874161
0.5000001568874161
0.5000001568874161
0.5000001568874161
0.5000001568874161
0.5000001568874161
0.5000001568874161
0.5000001568874161
0.5000001568874161
0.5000001568874161
0.5000001568874161
0.5000001568874161
0.5000001568874161
0.5000001568874161
0.5000001568874161
0.5000001568874161
0.5000001568874161
0.5000001568874161
0.5000001568874161
0.5000001568874161
0.5000001568874161
0.5000001568874161
0.5000001568874161
0.5000001568874161
0.5000001568874161
0.5000001568874161
0.5000001568874161
0.5000001568874161
0.5000001568874161
0.3735883102981201
0.2298286345766032
0.6107473002263211
0.5704469216684321
0.5001359597820025
0.5001242226402483
0.5001227288422022
0.5000001568874161
0.5000001568874161
0.5000001568874161
0.5000001568874161
0.5000001568874161
0.5000001568874161
0.5000001568874161
0.5000001568874161
0.5000001568874161
0.5000001568874161
0.5000001568874161
0.5000001568874161
0.5000001568874161
0.5000001568874161
0.5000001568874161
0.5000001568874161
0.5000001568874161
0.5000001568874161
0.5000001568874161
0.5000001568874161
0.5000001568874161
0.5000001568874161
0.46509332484609645
0.44640474243401296
0.07305593298657001
0.44640474243401296
0.07305593298657001
0.44640474243401296
0.09322467136146921
0.07305593298657001
0.048582463606620885
0.08058613448853588
0.10296138055026456
0.11441996271149091
0.5001230085064535
0.16164047712058482
0.5000001568874161
0.5000001568874161
0.5000001568874161
0.5000001568874161
0.5000001568874161
0.5000001568874161
0.5000001568874161
0.5000001568874161
0.5000001568874161
0.5000001568874161
0.5000001568874161
0.5000001568874161
0.5000001568874161
0.5000001568874161
0.5000001568874161
0.5000001568874161
0.5000001568874161
0.23073520829168448
0.22534794733256272
0.6917285991153748
0.5000001568874161
0.5000001568874161
0.5000001568874161
0.5000001568874161
0.5000001568874161
0.5000001568874161
0.5000006510157192
0.5000005679666688
0.5000001568874161
0.5000001568874161
0.5000001568874161
0.5000001568874161
0.5000001568874161
0.5000001568874161
0.5000001568874161
0.5000001568874161
0.5000001568874161
0.5000001568874161
0.5000001568874161
0.5000001568874161
0.5000001568874161
0.10682811952304068
0.02361931729747037
0.5011850849267038
0.06969845740963035
0.5001497607406997
0.12603691408090206
0.49987560640683754
0.5001227079911822
0.5000001568874161
0.5000001568874161
0.5000001568874161
0.5000001568874161
0.5000001568874161
0.5000001568874161
0.5000001568874161
0.5000001568874161
0.5000001568874161
0.5000001568874161
0.5000001568874161
0.5000001568874161
0.5000001568874161
0.5000001568874161
0.5000001568874161
0.5000001568874161
0.5000001568874161
0.5000001568874161
0.5000001568874161
0.5000001568874161
0.5000001568874161
0.5000001568874161
0.5000001568874161
0.5000001568874161
0.5000001568874161
0.5000001568874161
0.5000001568874161
0.5000001568874161
0.5000001568874161
0.5000001568874161
0.5000001568874161
0.5000001568874161
0.5000001568874161
0.5000001568874161
0.5000001568874161
0.5000001568874161
0.5000001568874161
0.5000001568874161
0.5000001568874161
0.5000001568874161
0.5000001568874161
0.5000001568874161
0.5000001568874161
0.5000001568874161
0.5000001568874161
0.5000001568874161
0.5000001568874161
0.5000001568874161
0.5000001568874161
0.5000001568874161
0.5000001568874161
0.5000001568874161
0.5000001568874161
0.5000001568874161
0.5000001568874161
0.5000001568874161
0.5000001568874161
0.5000001568874161
0.5000001568874161
0.5000001568874161
0.5000001568874161
0.5000001568874161
0.5000001568874161
0.5000001568874161
0.5000001568874161
0.5000001568874161
0.5000001568874161
0.5000001568874161
0.5000001568874161
0.5000001568874161
0.5000001568874161
0.5000001568874161
0.5000001568874161
0.5000001568874161
0.5000001568874161
0.5000001568874161
0.5000001568874161
0.5000001568874161
0.5000001568874161
0.5000001568874161
0.5000001568874161
0.5000001568874161
0.5000001568874161
0.5000001568874161
0.5000001568874161
0.5000001568874161
0.5000001568874161
0.5000001568874161
0.5000001568874161
0.5000001568874161
0.5000001568874161
0.5000001568874161
0.5000001568874161
0.5000001568874161
0.5000001568874161
0.5000001568874161
0.5000001568874161
0.5000001568874161
0.5000001568874161
0.5000001568874161
0.5000001568874161
0.5000001568874161
0.5000001568874161
0.5000001568874161
0.5000001568874161
0.5000001568874161
0.5000001568874161
0.5000001568874161
0.5000001568874161
0.5000001568874161
0.5000001568874161
0.5000001568874161
0.5000001568874161
0.5000001568874161
0.5000001568874161
0.5000001568874161
0.5000001568874161
0.5000001568874161
0.5000001568874161
0.5000001568874161
0.5000001568874161
0.5000001568874161
0.5000001568874161
0.5000001568874161
0.5000001568874161
0.5000001568874161
0.5000001568874161
0.5000001568874161
0.5000001568874161
0.5000001568874161
0.5000001568874161
0.5000001568874161
0.5000001568874161
0.5000001568874161
0.5000001568874161
0.5000001568874161
0.5000001568874161
0.5000001568874161
0.5000001568874161
0.5000001568874161
0.5000001568874161
0.5000001568874161
0.5000001568874161
0.5000001568874161
0.5000001568874161
0.5000001568874161
0.626039603519249
0.6639597152209896
0.20947869564414076
0.21272482977836304
0.6974769200347601
0.21500137277487094
0.6418861865650176
0.6418861865650176
0.6418861865650176
0.6418861865650176
0.6766140202349878
0.6766140202349878
0.6766140202349878
0.6766140202349878
0.6766140202349878
0.6766140202349878
0.6766140202349878
0.6766140202349878
0.6766140202349878
0.6766140202349878
0.6766140202349878
0.6766140202349878
0.6766140384265293
0.6766140384265293
0.6995736297524259
0.1995739401480961
0.5299299365294338
0.5299299167935629
0.525843356935446
0.5258433385008252
0.5216939317514285
0.5216939145343954
0.5174814954794269
0.5174814954794269
0.5132059323871816
0.5132059173753145
0.5088671793822364
0.5088671793822364
0.5044652421744825
0.5044652421744825
0.5000001568874161
0.5000001568874161
0.5000001568874161
0.5000001568874161
0.5000001568874161
0.5000001568874161
0.5000001568874161
0.5000001568874161
0.5000001568874161
0.5000001568874161
0.5000001568874161
0.5000001568874161
0.5000001568874161
0.5000001568874161
0.5000001568874161
0.5000001568874161
0.5000001568874161
0.5000001568874161
0.5000001568874161
0.5000001568874161
0.5000001568874161
0.5000001568874161
0.5000001568874161
0.5000001568874161
0.5000001568874161
0.5000001568874161
0.5000001568874161
0.29846402169649183
0.02361931729747037
0.5011850849267038
0.5001497607406997
0.500129262686958
0.5001246825993606
0.3798555069200093
0.5000001568874161
0.5000001568874161
0.5000001568874161
0.46182143941391346
0.9198348940168265
0.5000001568874161
0.4274188668928173
0.8432034605808835
0.4005685603879459
0.5027714335667258
0.6967417438051847
0.24260587142040407
0.2466486403357317
0.24065789615031502
0.2355502182674083
0.21526478389343676
0.5273535304598128
0.5339538829742093
0.5299299365294338
0.5299299365294338
0.5025427147193596
0.4773924813797168
0.4855371214621975
0.4855371030432828
0.4934986169488013
0.5174814954794269
0.5132059323871816
0.5132059173753145
0.5088671793822364
0.5088671793822364
0.5044652421744825
0.5044652421744825
0.5000001568874161
0.5000001568874161
0.5000001568874161
0.5000001568874161
0.5000001568874161
0.5000001568874161
0.5000001568874161
0.5000001568874161
0.5000001568874161
0.5000001568874161
0.5000001568874161
0.5000001568874161
0.5000001568874161
0.5000001568874161
0.5000001568874161
0.5000001568874161
0.5000001568874161
0.5000001568874161
0.5000001568874161
0.5000001568874161
0.5000001568874161
0.5000001568874161
0.5000001568874161
0.5000001568874161
0.5000001568874161
0.5000001568874161
0.5000001568874161
0.5000001568874161
0.5000001568874161
0.5000001568874161
0.5000001568874161
0.5000001568874161
0.5000001568874161
0.5000001568874161
0.5000001568874161
0.5000001568874161
0.5000001568874161
0.5000001568874161
0.5000001568874161
0.5000001568874161
0.5000001568874161
0.5000001568874161
0.5000001568874161
0.5000001568874161
0.5000001568874161
0.5000001568874161
0.5000001568874161
0.5000001568874161
0.5000001568874161
0.5000001568874161
0.5000001568874161
0.5000001568874161
0.5000001568874161
0.5000001568874161
0.5000001568874161
0.5000001568874161
0.5000001568874161
0.5000001568874161
0.5000001568874161
0.5000001568874161
0.5000001568874161
0.5000001568874161
0.5000001568874161
0.5000001568874161
0.5000001568874161
0.5000001568874161
0.5000001568874161
0.5000001568874161
0.5000001568874161
0.5000001568874161
0.5908797197876193
0.20632214539246413
0.24079082240652838
0.2475797003985014
0.23569080598527123
0.22781351733425217
0.19889373718551653
0.5001231238614942
0.5001240762212638
0.2355502182674083
0.21644792663578546
0.5339538829742093
0.5339538829742093
0.5299299365294338
0.5299299365294338
0.5299299167935629
0.525843356935446
0.5258433385008252
0.5216939317514285
0.5216939145343954
0.5174814954794269
0.5174814794016488
0.5132059323871816
0.5132059173753145
0.5088671793822364
0.5044652421744825
0.5044652421744825
0.5000001568874161
0.5000001568874161
0.5000001568874161
0.5000001568874161
0.5000001568874161
0.5000001568874161
0.5000001568874161
0.5000001568874161
0.5000001568874161
0.5000001568874161
0.5000001568874161
0.5000001568874161
0.5000001568874161
0.5000001568874161
0.5000001568874161
0.5000001568874161
0.5000001568874161
0.5000001568874161
0.5000001568874161
0.5000001568874161
0.5000001568874161
0.5000001568874161
0.5000001568874161
0.5000001568874161
0.5000001568874161
0.5000001568874161
0.5000001568874161
0.5000001568874161
0.5000001568874161
0.5000001568874161
0.5000001568874161
0.5000001568874161
0.5000001568874161
0.5000001568874161
0.5000001568874161
0.5000001568874161
0.5000001568874161
0.5000001568874161
0.5000001568874161
0.5000001568874161
0.5000001568874161
0.5000001568874161
0.5000001568874161
0.5000001568874161
0.5000001568874161
0.5000001568874161
0.5000001568874161
0.5000001568874161
0.5000001568874161
0.5000001568874161
0.5000001568874161
0.5000001568874161
0.5000001568874161
0.5000001568874161
0.5000001568874161
0.5000001568874161
0.5000001568874161
0.5000001568874161
0.5000001568874161
0.5000001568874161
0.5000001568874161
0.5000001568874161
0.5000001568874161
0.5000001568874161
0.5000001568874161
0.5000001568874161
0.5000001568874161
0.5000001568874161
0.5000001568874161
0.5000001568874161
0.5000001568874161
0.5000001568874161
0.5000001568874161
0.5000001568874161
0.5000001568874161
0.5000001568874161
0.5000001568874161
0.5000001568874161
0.5000001568874161
0.5000001568874161
0.5000001568874161
0.5000001568874161
0.5000001568874161
0.5000001568874161
0.5000001568874161
0.5000001568874161
0.5000001568874161
0.5000001568874161
0.5000001568874161
0.5000001568874161
0.5000001568874161
0.5000001568874161
0.5000001568874161
0.5000001568874161
0.5000001568874161
0.5000001568874161
0.5000001568874161
0.5000001568874161
0.5000001568874161
0.5000001568874161
0.5000001568874161
0.5000001568874161
0.5000001568874161
0.5000001568874161
0.5000001568874161
0.5000001568874161
0.5000001568874161
0.5000001568874161
0.5000001568874161
0.5000001568874161
0.5000001568874161
0.5000001568874161
0.5000001568874161
0.5000001568874161
0.5000001568874161
0.48296762990263936
0.48296762990263936
0.5000001568874161
0.5000001568874161
0.5000001568874161
0.5000001568874161
0.5000001568874161
0.5000001568874161
0.5000001568874161
0.5000001568874161
0.5000001568874161
0.5000001568874161
0.5000001568874161
0.5000001568874161
0.5000001568874161
0.5000001568874161
0.5000001568874161
0.5000001568874161
0.5000001568874161
0.5000001568874161
0.5000001568874161
0.5000001568874161
0.5000001568874161
0.5000001568874161
0.5000001568874161
0.5000001568874161
0.5000001568874161
0.5000001568874161
0.5000001568874161
0.5000001568874161
0.5000001568874161
0.5000001568874161
0.5000001568874161
0.5000001568874161
0.5000001568874161
0.5000001568874161
0.5000001568874161
0.5000001568874161
0.5000001568874161
0.5000001568874161
0.5000001568874161
0.5000001568874161
0.5000001568874161
0.5000001568874161
0.5000001568874161
0.5000001568874161
0.5000001568874161
0.5000001568874161
0.5000001568874161
0.5000001568874161
0.5000001568874161
0.5000001568874161
0.5000001568874161
0.5000001568874161
0.5000001568874161
0.5000001568874161
0.5000001568874161
0.5000001568874161
0.5000001568874161
0.5000001568874161
0.5000001568874161
0.5000001568874161
0.5000001568874161
0.5000001568874161
0.5000001568874161
0.5000001568874161
0.46125438210214637
0.5000001568874161
0.5000001568874161
0.5000001568874161
0.5000001568874161
0.5000001568874161
0.5000001568874161
0.5000001568874161
0.5000001568874161
0.5000001568874161
0.5000001568874161
0.5000001568874161
0.6585109368127405
0.5000001568874161
0.5000001568874161
0.5000001568874161
0.5000001568874161
0.5000001568874161
0.5000001568874161
0.5000001568874161
0.5000001568874161
0.5000001568874161
0.5000001568874161
0.5000001568874161
0.5000001568874161
0.5000001568874161
0.5000001568874161
0.5000001568874161
0.5000001568874161
0.5000001568874161
0.5000001568874161
0.5000001568874161
0.5000001568874161
0.5000001568874161
0.5000001568874161
0.5000001568874161
0.5000001568874161
0.5000001568874161
0.5000001568874161
0.5000001568874161
0.5000001568874161
0.5000001568874161
0.5000001568874161
0.5000001568874161
0.5000001568874161
0.5000001568874161
0.5000001568874161
0.5000001568874161
0.5000001568874161
0.5000001568874161
0.5000001568874161
0.5000001568874161
0.5000001568874161
0.5000001568874161
0.5000001568874161
0.5000001568874161
0.5000001568874161
0.5000001568874161
0.5000001568874161
0.5000001568874161
0.5000001568874161
0.5000001568874161
0.5000001568874161
0.5000001568874161
0.5000001568874161
0.5000001568874161
0.5000001568874161
0.5000001568874161
0.5000001568874161
0.5000001568874161
0.5000001568874161
0.5000001568874161
0.5000001568874161
0.5000001568874161
0.5000001568874161
0.5000001568874161
0.5000001568874161
0.5000001568874161
0.5000001568874161
0.5000001568874161
0.5000001568874161
0.5000001568874161
0.5000001568874161
0.5000001568874161
0.5000001568874161
0.5000001568874161
0.5000001568874161
0.5000001568874161
0.5000001568874161
0.5000001568874161
0.5000001568874161
0.5000001568874161
0.5000001568874161
0.5000001568874161
0.5000001568874161
0.5000001568874161
0.5000001568874161
0.5000001568874161
0.5000001568874161
0.5000001568874161
0.5000001568874161
0.5000001568874161
0.5000001568874161
0.5000001568874161
0.5000001568874161
0.5000001568874161
0.5000001568874161
0.5000001568874161
0.5000001568874161
0.5000001568874161
0.5000001568874161
0.5000001568874161
0.5000001568874161
0.5000001568874161
0.5000001568874161
0.5000001568874161
0.10682811952304068
0.00466859952561744
0.5004543235903086
0.5001497607406997
0.5001417062147394
0.12603691408090206
0.5001235494812942
0.5000001568874161
0.5000001568874161
0.5000001568874161
0.5000001568874161
0.5000001568874161
0.5000001568874161
0.5000001568874161
0.5000001568874161
0.5000001568874161
0.5000001568874161
0.5000001568874161
0.5000001568874161
0.5000001568874161
0.5000001568874161
0.5000001568874161
0.5000001568874161
0.5000001568874161
0.5000001568874161
0.5000001568874161
0.5000001568874161
0.5000001568874161
0.5000001568874161
0.5000001568874161
0.5000001568874161
0.5000001568874161
0.5000001568874161
0.5000001568874161
0.5000001568874161
0.5000001568874161
0.5000001568874161
0.5000001568874161
0.5000001568874161
0.5000001568874161
0.5000001568874161
0.5000001568874161
0.5000001568874161
0.5000001568874161
0.5000001568874161
0.5000001568874161
0.5000001568874161
0.5000001568874161
0.5000001568874161
0.5000001568874161
0.5000001568874161
0.5000001568874161
0.5000001568874161
0.5000001568874161
0.5000001568874161
0.5000001568874161
0.5000001568874161
0.5000001568874161
0.5000001568874161
0.5000001568874161
0.5000001568874161
0.5000001568874161
0.5000001568874161
0.5000001568874161
0.5000001568874161
0.5000001568874161
0.5000001568874161
0.5000001568874161
0.5011850849267038
0.5004543235903086
0.048582463606620885
0.5001497607406997
0.49984127102848286
0.5001235906598013
0.49987673708671504
0.5000001568874161
0.5000001568874161
0.5000001568874161
0.4925802980936473
0.5000001568874161
0.5000001568874161
0.5000001568874161
0.5000001568874161
0.5000001568874161
0.5000001568874161
0.5000001568874161
0.5000001568874161
0.5000001568874161
0.5000001568874161
0.5000001568874161
0.5000001568874161
0.5000001568874161
0.5000001568874161
0.5000001568874161
0.5000001568874161
0.5000001568874161
0.5000001568874161
0.5000001568874161
0.5000001568874161
0.5000001568874161
0.5000001568874161
0.5000001568874161
0.5000001568874161
0.5000001568874161
0.5000001568874161
0.5000001568874161
0.5000001568874161
0.5000001568874161
0.5000001568874161
0.5000001568874161
0.5000001568874161
0.5000001568874161
0.5000001568874161
0.5000001568874161
0.5000001568874161
0.5000001568874161
0.5000001568874161
0.5000001568874161
0.5000001568874161
0.5000001568874161
0.5000001568874161
0.5000001568874161
0.5000001568874161
0.5000001568874161
0.626039603519249
0.6639597152209896
0.20947869564414076
0.21272482977836304
0.19747723442628637
0.6418861865650176
0.6418861865650176
0.6418861865650176
0.6418861865650176
0.6418861865650176
0.6418861865650176
0.6418861865650176
0.6418861865650176
0.6418861865650176
0.6418861865650176
0.6418861865650176
0.6418861865650176
0.6418861865650176
0.6418861865650176
0.6418861865650176
0.6418861865650176
0.6418861865650176
0.6418861865650176
0.6751360123374425
0.6766140202349878
0.6766140202349878
0.6766140202349878
0.6766140202349878
0.6766140202349878
0.6766140202349878
0.6766140202349878
0.6766140202349878
0.6766140202349878
0.6766140202349878
0.6766140202349878
0.6766140202349878
0.6766140202349878
0.6995736297524259
0.6995736297524259
0.1995739401480961
0.5299299365294338
0.5299299167935629
0.525843356935446
0.5258433385008252
0.5216939317514285
0.5216939145343954
0.5174814954794269
0.5174814954794269
0.5132059323871816
0.5132059173753145
0.5088671793822364
0.5088671793822364
0.5044652421744825
0.5044652421744825
0.5000001568874161
0.5000001568874161
0.5000001568874161
0.5000001568874161
0.5000001568874161
0.5000001568874161
0.5000001568874161
0.5000001568874161
0.5000001568874161
0.5000001568874161
0.5000001568874161
0.5000001568874161
0.5000001568874161
0.5000001568874161
0.5000001568874161
0.5000001568874161
0.5000001568874161
0.5000001568874161
0.5000001568874161
0.5000001568874161
0.5000001568874161
0.5000001568874161
0.5000001568874161
0.5000001568874161
0.5000001568874161
0.5000001568874161
0.5000001568874161
0.5000001568874161
0.5000001568874161
0.5000001568874161
0.5000001568874161
0.5000001568874161
0.5000001568874161
0.5000001568874161
0.5000001568874161
0.5000001568874161
0.5000001568874161
0.5000001568874161
0.5000001568874161
0.5000001568874161
0.5000001568874161
0.5000001568874161
0.5000001568874161
0.5000001568874161
0.5000001568874161
0.5000001568874161
0.5000001568874161
0.5000001568874161
0.5000001568874161
0.5000001568874161
0.5000001568874161
0.5000001568874161
0.5000001568874161
0.5000001568874161
0.5000001568874161
0.5000001568874161
0.5000001568874161
0.5000001568874161
0.5000001568874161
0.5000001568874161
0.5000001568874161
0.5000001568874161
0.5000001568874161
0.5000001568874161
0.5000001568874161
0.5000001568874161
0.5000001568874161
0.5000001568874161
0.5000001568874161
0.5000001568874161
0.5000001568874161
0.5000001568874161
0.5000001568874161
0.5000001568874161
0.5000001568874161
0.5000001568874161
0.5000001568874161
0.5000001568874161
0.5000001568874161
0.5000001568874161
0.5000001568874161
0.5000001568874161
0.5000001568874161
0.5000001568874161
0.5712819201937309
0.2210976761022273
0.5000001568874161
0.5000001568874161
0.2546751446952231
0.24671813300138293
0.7275849710258706
0.7275849710258706
0.5000015140784423
0.5000001867333725
0.23855603923734017
0.2527585305025568
0.25275851523777615
0.2504449336354227
0.25338267368201084
0.2548242588644773
0.24671922897285894
0.25390821318112067
0.5000015140784423
0.5000012606304998
0.5000001568874161
0.5000001922527177
0.5000001568874161
0.5000001568874161
0.5000001568874161
0.5000001568874161
0.47465923887498873
0.5000001568874161
0.5000001568874161
0.5000001568874161
0.5000001568874161
0.5000001568874161
0.5000001568874161
0.5000001568874161
0.5000001568874161
0.5000001568874161
0.5000001568874161
0.5000001568874161
0.5000001568874161
0.5000001568874161
0.5000001568874161
0.5000001568874161
0.5000001568874161
0.5000001568874161
0.5000001568874161
0.5000001568874161
0.5000001568874161
0.5000001568874161
0.5000001568874161
0.5000001568874161
0.5000001568874161
0.498029910325682
0.5651430504701176
0.6559262015220526
0.2029103735605692
0.23520692461800263
0.25444622236184494
0.25480992391678137
0.25470214636910493
0.2548255337957277
0.2548025191418991
0.2533892636403997
0.7485900707532984
0.7485894911854436
0.7458347961483819
0.7421244508016626
0.7365784082193687
0.7365784082193687
0.7185156493813882
0.7178396015930896
0.6808818232214996
0.64806654891114
0.541814944360689
0.5379154528876221
0.5379154528876221
0.5339538829742093
0.5339538829742093
0.5299299365294338
0.5299299167935629
0.525843356935446
0.5216939317514285
0.5216939317514285
0.5174814954794269
0.5174814954794269
0.5174814794016488
0.5132059173753145
0.5132059173753145
0.5088671793822364
0.5088671793822364
0.5044652421744825
0.5044652421744825
0.5000001568874161
0.5000001568874161
0.5000001568874161
0.5000001568874161
0.5000001568874161
0.5000001568874161
0.5000001568874161
0.5000001568874161
0.5000001568874161
0.5000001568874161
0.5000001568874161
0.5000001568874161
0.5000001568874161
0.5000001568874161
0.5000001568874161
0.5000001568874161
0.5000001568874161
0.5000001568874161
0.5000001568874161
0.5000001568874161
0.5000001568874161
0.5000001568874161
0.5000001568874161
0.5000001568874161
0.5000001568874161
0.5000001568874161
0.5000001568874161
0.5000001568874161
0.5000001568874161
0.5000001568874161
0.5000001568874161
0.5000001568874161
0.5000001568874161
0.5000001568874161
0.5000001568874161
0.5000001568874161
0.5000001568874161
0.5000001568874161
0.5000001568874161
0.5000001568874161
0.5000001568874161
0.5000001568874161
0.5000001568874161
0.5000001568874161
0.5000001568874161
0.5000001568874161
0.5000001568874161
0.5000001568874161
0.5000001568874161
0.5000001568874161
0.5000001568874161
0.48499419539738653
0.5000001568874161
0.5000001568874161
0.5000001568874161
0.5000001568874161
0.40375209259460865
0.41871997032835134
0.41871997032835134
0.3570119241967818
0.3570119241967818
0.5000001568874161
0.5000001568874161
0.5000001568874161
0.40375209259460865
0.5000001568874161
0.5000001568874161
0.5000001568874161
0.40375209259460865
0.43332027471820633
0.4475246593550375
0.5000001568874161
0.47465923887498873
0.5000001568874161
0.5000001568874161
0.5000001568874161
0.5000001568874161
0.5000001568874161
0.5000001568874161
0.5000001568874161
0.5000001568874161
0.5000001568874161
0.5000001568874161
0.5000001568874161
0.5000001568874161
0.5000001568874161
0.5000001568874161
0.5000001568874161
0.5000001568874161
0.5000001568874161
0.5000001568874161
0.5000001568874161
0.5000001568874161
0.5000001568874161
0.6215345734753371
0.2204501563867199
0.24260587142040407
0.24679765159252437
0.24065789615031502
0.2355502182674083
0.21644792663578546
0.5339538829742093
0.5339538829742093
0.5299299365294338
0.5299299365294338
0.525843356935446
0.525843356935446
0.5216939317514285
0.5216939317514285
0.5174814954794269
0.5174814954794269
0.5132059323871816
0.5132059173753145
0.5088671793822364
0.5088671793822364
0.5044652421744825
0.5044652421744825
0.5000001568874161
0.5000001568874161
0.5000001568874161
0.5000001568874161
0.5000001568874161
0.5000001568874161
0.5000001568874161
0.5000001568874161
0.5000001568874161
0.5000001568874161
0.5000001568874161
0.5000001568874161
0.5000001568874161
0.5000001568874161
0.5000001568874161
0.5000001568874161
0.5000001568874161
0.5000001568874161
0.5000001568874161
0.5000001568874161
0.5000001568874161
0.5000001568874161
0.5000001568874161
0.5000001568874161
0.5000001568874161
0.5000001568874161
0.5000001568874161
0.5000001568874161
0.5000001568874161
0.5000001568874161
0.5000001568874161
0.5000001568874161
0.5000001568874161
0.5000001568874161
0.5000001568874161
0.5000001568874161
0.5000001568874161
0.5000001568874161
0.5000001568874161
0.5000001568874161
0.5000001568874161
0.5000001568874161
0.5000001568874161
0.5000001568874161
0.5000001568874161
0.5000001568874161
0.5000001568874161
0.5000001568874161
0.5000001568874161
0.5000001568874161
0.5000001568874161
0.5000001568874161
0.5000001568874161
0.5877782442079513
0.5000001568874161
0.5000001568874161
0.5000001568874161
0.5000001568874161
0.5000001568874161
0.5000001568874161
0.5000001568874161
0.5000001568874161
0.5000001568874161
0.5000001568874161
0.5000001568874161
0.5000001568874161
0.5000001568874161
0.5000001568874161
0.5000001568874161
0.5000001568874161
0.5000001568874161
0.5000001568874161
0.5000001568874161
0.5000001568874161
0.5000001568874161
0.5000001568874161
0.5000001568874161
0.5000001568874161
0.5000001568874161
0.5000001568874161
0.5000001568874161
0.5000001568874161
0.5000001568874161
0.5000001568874161
0.5000001568874161
0.5000001568874161
0.5000001568874161
0.5000001568874161
0.5000001568874161
0.5000001568874161
0.5000001568874161
0.5000001568874161
0.5000001568874161
0.5000001568874161
0.5000001568874161
0.5000001568874161
0.5000001568874161
0.5000001568874161
0.5000001568874161
0.5000001568874161
0.5000001568874161
0.5000001568874161
0.5000001568874161
0.5000001568874161
0.5000001568874161
0.5000001568874161
0.5000001568874161
0.5000001568874161
0.5000001568874161
0.5000001568874161
0.5000001568874161
0.5000001568874161
0.5000001568874161
0.5000001568874161
0.5000001568874161
0.5000001568874161
0.5000001568874161
0.5000001568874161
0.5000001568874161
0.5000001568874161
0.5000001568874161
0.5000001568874161
0.5000001568874161
0.5000001568874161
0.5000001568874161
0.5000001568874161
0.5000001568874161
0.5000001568874161
0.5000001568874161
0.5000001568874161
0.5000001568874161
0.5000001568874161
0.5000001568874161
0.5000001568874161
0.5000001568874161
0.5000001568874161
0.5000001568874161
0.5000001568874161
0.5000001568874161
0.5000001568874161
0.5000001568874161
0.5000001568874161
0.5000001568874161
0.5000001568874161
0.5000001568874161
0.5000001568874161
0.5000001568874161
0.5000001568874161
0.5000001568874161
0.5000001568874161
0.5000001568874161
0.5000001568874161
0.5000001568874161
0.5000001568874161
0.5000001568874161
0.5000001568874161
0.5000001568874161
0.5000001568874161
0.5000001568874161
0.5000001568874161
0.5000001568874161
0.5000001568874161
0.5000001568874161
0.5000001568874161
0.5000001568874161
0.5000001568874161
0.5000001568874161
0.5000001568874161
0.5000001568874161
0.5000001568874161
0.5000001568874161
0.5000001568874161
0.5000001568874161
0.5000001568874161
0.5000001568874161
0.5000001568874161
0.5000001568874161
0.5000001568874161
0.5000001568874161
0.5000001568874161
0.5000001568874161
0.5000001568874161
0.5000001568874161
0.5000001568874161
0.5000001568874161
0.5000001568874161
0.5000001568874161
0.5000001568874161
0.5000001568874161
0.5000001568874161
0.5000001568874161
0.5000001568874161
0.5000001568874161
0.5000001568874161
0.5000001568874161
0.5000001568874161
0.6238798870623397
0.2210976761022273
0.2517579359511523
0.2549031430358521
0.24476367175053873
0.25390701042012015
0.7235060948982466
0.5000013837887252
0.5000012606304998
0.5000011442134377
0.5000001950232299
0.34097123047681294
0.5000001568874161
0.5000001568874161
0.47465923887498873
0.5000001568874161
0.5000001568874161
0.5000001568874161
0.5000001568874161
0.5000001568874161
0.5000001568874161
0.5000001568874161
0.5000001568874161
0.5000001568874161
0.5000001568874161
0.5000001568874161
0.5000001568874161
0.5000001568874161
0.5000001568874161
0.5000001568874161
0.47498884415356096
0.47498884415356096
0.6439024076939897
0.6711911508266256
0.6776044515427827
0.7071763255125066
0.7134031644947035
0.5000011442134377
0.5000013837887252
0.5000012606304998
0.5000009301471299
0.5000001568874161
0.5000001812428077
0.5000001568874161
0.5000001568874161
0.5000001568874161
0.5000001568874161
0.5000001568874161
0.5000001568874161
0.5000001568874161
0.5000001568874161
0.5000001568874161
0.5000001568874161
0.5000001568874161
0.5000001568874161
0.5000001568874161
0.5000001568874161
0.5000001568874161
0.5000001568874161
0.5000001568874161
0.5000001568874161
0.5000001568874161
0.5000001568874161
0.5000001568874161
0.5000001568874161
0.5000001568874161
0.5000001568874161
0.5000001568874161
0.5000001568874161
0.5000001568874161
0.5000001568874161
0.5000001568874161
0.5000001568874161
0.5000001568874161
0.5000001568874161
0.5000001568874161
0.5000001568874161
0.5000001568874161
0.5000001568874161
0.5000001568874161
0.5000001568874161
0.5000001568874161
0.5000001568874161
0.5000001568874161
0.5000001568874161
0.5000001568874161
0.5000001568874161
0.5000001568874161
0.5000001568874161
0.5000001568874161
0.5000001568874161
0.5000001568874161
0.5000001568874161
0.5000001568874161
0.5000001568874161
0.5000001568874161
0.5000001568874161
0.5000001568874161
0.5000001568874161
0.5000001568874161
0.5000001568874161
0.5000001568874161
0.5000001568874161
0.5000001568874161
0.5000001568874161
0.5000001568874161
0.5000001568874161
0.5000001568874161
0.5000001568874161
0.5000001568874161
0.5000001568874161
0.5000001568874161
0.5000001568874161
0.5000001568874161
0.5000001568874161
0.5000001568874161
0.5000001568874161
0.5000001568874161
0.5000001568874161
0.5000001568874161
0.5000001568874161
0.5000001568874161
0.5000001568874161
0.5000001568874161
0.5000001568874161
0.5000001568874161
0.5000001568874161
0.5000001568874161
0.5000001568874161
0.5000001568874161
0.5000001568874161
0.5000001568874161
0.5000001568874161
0.5000001568874161
0.5000001568874161
0.5000001568874161
0.5000001568874161
0.5000001568874161
0.5000001568874161
0.5000001568874161
0.5000001568874161
0.5000001568874161
0.5000001568874161
0.5000001568874161
0.5000001568874161
0.5000001568874161
0.5000001568874161
0.5000001568874161
0.5000001568874161
0.5000001568874161
0.5000001568874161
0.5000001568874161
0.5000001568874161
0.18484728301163314
0.5000001568874161
0.6821902023044057
0.5000001568874161
0.5000005679666688
0.5000003451128249
0.5000001568874161
0.5000001568874161
0.5000001568874161
0.5000001568874161
0.5000001568874161
0.5000001568874161
0.5000001568874161
0.5000001568874161
0.5000001568874161
0.5000001568874161
0.5000001568874161
0.5000001568874161
0.5000001568874161
0.5000001568874161
0.5000001568874161
0.5000001568874161
0.5000001568874161
0.5000001568874161
0.5000001568874161
0.5000001568874161
0.5000001568874161
0.5000001568874161
0.5000001568874161
0.5000001568874161
0.5000001568874161
0.5000001568874161
0.5000001568874161
0.5000001568874161
0.5000001568874161
0.5000001568874161
0.5000001568874161
0.5000001568874161
0.5000001568874161
0.5000001568874161
0.5000001568874161
0.5000001568874161
0.5000001568874161
0.5000001568874161
0.5000001568874161
0.5000001568874161
0.5000001568874161
0.5000001568874161
0.5000001568874161
0.5000001568874161
0.5000001568874161
0.5000001568874161
0.5000001568874161
0.5000001568874161
0.5000001568874161
0.5000001568874161
0.5000001568874161
0.5000001568874161
0.5000001568874161
0.5000001568874161
0.5000001568874161
0.5000001568874161
0.5000001568874161
0.5000001568874161
0.5000001568874161
0.5000001568874161
0.5000001568874161
0.5000001568874161
0.5000001568874161
0.5000001568874161
0.5000001568874161
0.5000001568874161
0.5000001568874161
0.5000001568874161
0.5000001568874161
0.5000001568874161
0.5000001568874161
0.5000001568874161
0.5000001568874161
0.5000001568874161
0.5000001568874161
0.5000001568874161
0.5000001568874161
0.5000001568874161
0.5000001568874161
0.5000001568874161
0.5000001568874161
0.5000001568874161
0.5000001568874161
0.5000001568874161
0.5000001568874161
0.5000001568874161
0.5000001568874161
0.5000001568874161
0.5000001568874161
0.5000001568874161
0.5000001568874161
0.5000001568874161
0.5000001568874161
0.5000001568874161
0.5000001568874161
0.5000001568874161
0.5000001568874161
0.5000001568874161
0.5000001568874161
0.5000001568874161
0.5000001568874161
0.5000001568874161
0.5000001568874161
0.5000001568874161
0.5000001568874161
0.5000001568874161
0.5000001568874161
0.5000001568874161
0.5000001568874161
0.5000001568874161
0.5000001568874161
0.5000001568874161
0.5000001568874161
0.5000001568874161
0.5000001568874161
0.5000001568874161
0.5000001568874161
0.5000001568874161
0.5000001568874161
0.5000001568874161
0.5000001568874161
0.5000001568874161
0.5000001568874161
0.5000001568874161
0.5000001568874161
0.5000001568874161
0.5000001568874161
0.5000001568874161
0.5000001568874161
0.5000001568874161
0.5000001568874161
0.5000001568874161
0.5000001568874161
0.5000001568874161
0.5000001568874161
0.5000001568874161
0.5000001568874161
0.5000001568874161
0.5000001568874161
0.5000001568874161
0.5000001568874161
0.5000001568874161
0.5000001568874161
0.5000001568874161
0.5000001568874161
0.24254605614594898
0.2486195669754473
0.2527024361415906
0.25390701042012015
0.7275867187121198
0.5000015140784423
0.6623812095342397
0.23088357009115726
0.2190212825943043
0.20866443743167798
0.21500137277487094
0.6766140202349878
0.6766140202349878
0.6766140202349878
0.6766140202349878
0.6766140202349878
0.6766140202349878
0.6766140384265293
0.6766140384265293
0.6766140384265293
0.6766140384265293
0.6766140384265293
0.6766140384265293
0.6766140384265293
0.6766140384265293
0.6766140384265293
0.6766140384265293
0.6766140384265293
0.6766140384265293
0.6766140384265293
0.6766140384265293
0.6766140384265293
0.6766140384265293
0.6766140384265293
0.6766140384265293
0.6766140384265293
0.6766140384265293
0.6995736297524259
0.2005924192513191
0.5339538829742093
0.5299299365294338
0.5299299365294338
0.525843356935446
0.525843356935446
0.5216939317514285
0.5216939145343954
0.5174814954794269
0.5174814794016488
0.5132059323871816
0.5132059173753145
0.5088671793822364
0.5088671793822364
0.5044652421744825
0.5044652421744825
0.5000001568874161
0.5000001568874161
0.5000001568874161
0.5000001568874161
0.5000001568874161
0.5000001568874161
0.5000001568874161
0.5000001568874161
0.5000001568874161
0.5000001568874161
0.5000001568874161
0.5000001568874161
0.5000001568874161
0.5000001568874161
0.5000001568874161
0.5000001568874161
0.5000001568874161
0.5000001568874161
0.5000001568874161
0.5000001568874161
0.5000001568874161
0.5000001568874161
0.5000001568874161
0.5000001568874161
0.5000001568874161
0.5000001568874161
0.5000001568874161
0.5000001568874161
0.5000001568874161
0.5000001568874161
0.5000001568874161
0.5000001568874161
0.5000001568874161
0.5000001568874161
0.5000001568874161
0.5000001568874161
0.4693291006895914
0.5000001568874161
0.5000001568874161
0.5000001568874161
0.948227836061621
0.5000001568874161
0.4693291006895914
0.48499419539738653
0.5000001568874161
0.5000001568874161
0.5000001568874161
0.5000001568874161
0.5000001568874161
0.5000001568874161
0.2460806713138573
0.5000001568874161
0.23104947816453844
0.7134031644947035
0.5000001568874161
0.5000001568874161
0.5000001568874161
0.5000001568874161
0.5000001568874161
0.5000001568874161
0.5000001568874161
0.5000001568874161
0.5000001568874161
0.5000001568874161
0.5000001568874161
0.5000001568874161
0.5000001568874161
0.5000001568874161
0.5000001568874161
0.5000001568874161
0.5000001568874161
0.5000001568874161
0.5000001568874161
0.5000001568874161
0.5000001568874161
0.5000001568874161
0.5000001568874161
0.4360996437588614
0.4005685603879459
0.38206835976683123
0.29225155341961584
0.3085280894776513
0.3247896289188387
0.5000001568874161
0.5000001568874161
0.3085280894776513
0.34097123047681294
0.3570119241967818
0.3728554230572611
0.3728554230572611
0.40375209259460865
0.41871997032835134
0.5000001568874161
0.4475246593550375
0.5000001568874161
0.5000001568874161
0.5000001568874161
0.5000001568874161
0.5000001568874161
0.5000001568874161
0.5000001568874161
0.5000001568874161
0.5000001568874161
0.5000001568874161
0.5000001568874161
0.5000001568874161
0.5000001568874161
0.5000001568874161
0.5000001568874161
0.5000001568874161
0.5000001568874161
0.5000001568874161
0.5000001568874161
0.5000001568874161
0.5000001568874161
0.5000001568874161
0.5000001568874161
0.5000001568874161
0.5000001568874161
0.5000001568874161
0.5000001568874161
0.5000001568874161
0.5000001568874161
0.5000001568874161
0.5000001568874161
0.5000001568874161
0.5000001568874161
0.5000001568874161
0.5000001568874161
0.5000001568874161
0.5000001568874161
0.5000001568874161
0.5000001568874161
0.5000001568874161
0.5000001568874161
0.5000001568874161
0.5000001568874161
0.5000001568874161
0.5000001568874161
0.5000001568874161
0.5000001568874161
0.5000001568874161
0.5000001568874161
0.5000001568874161
0.5000001568874161
0.5000001568874161
0.5000001568874161
0.5000001568874161
0.5000001568874161
0.5000001568874161
0.5000001568874161
0.5000001568874161
0.5000001568874161
0.5000001568874161
0.5000001568874161
0.5000001568874161
0.5000001568874161
0.5000001568874161
0.5000001568874161
0.5000001568874161
0.5000001568874161
0.5000001568874161
0.5000001568874161
0.5000001568874161
0.5000001568874161
0.5000001568874161
0.5000001568874161
0.5000001568874161
0.5000001568874161
0.5000001568874161
0.5000001568874161
0.5000001568874161
0.5000001568874161
0.5000001568874161
0.5000001568874161
0.5000001568874161
0.5000001568874161
0.5000001568874161
0.5000001568874161
0.5000001568874161
0.5000001568874161
0.5000001568874161
0.5000001568874161
0.5000001568874161
0.5000001568874161
0.5000001568874161
0.5000001568874161
0.5000001568874161
0.5000001568874161
0.5000001568874161
0.5000001568874161
0.5000001568874161
0.5000001568874161
0.5000001568874161
0.5000001568874161
0.5000001568874161
0.5000001568874161
0.5000001568874161
0.5000001568874161
0.5000001568874161
0.5000001568874161
0.5000001568874161
0.5000001568874161
0.5000001568874161
0.5000001568874161
0.5000001568874161
0.5000001568874161
0.5000001568874161
0.5000001568874161
0.5000001568874161
0.5000001568874161
0.5000001568874161
0.5000001568874161
0.5000001568874161
0.5000001568874161
0.5000001568874161
0.5000001568874161
0.5000001568874161
0.5000001568874161
0.5000001568874161
0.5000001568874161
0.5000001568874161
0.5000001568874161
0.5712819201937309
0.6885164114432446
0.2210976761022273
0.24254605614594898
0.2517579359511523
0.25490630539638115
0.25490514599370423
0.25390701042012015
0.7275865509368051
0.5000015140784423
0.5000011442134377
0.5000001894894383
0.5000001894894383
0.500000183984502
0.5000001812428077
0.5000001568874161
0.5000001568874161
0.5000001568874161
0.5000001568874161
0.5000001568874161
0.5000001568874161
0.5000001568874161
0.5000001568874161
0.5000001568874161
0.5000001568874161
0.5000001568874161
0.5000001568874161
0.5000001568874161
0.5000001568874161
0.5000001568874161
0.5000001568874161
0.5000001568874161
0.5000001568874161
0.5000001568874161
0.5000001568874161
0.5000001568874161
0.5000001568874161
0.5712819201937309
0.18851674413327998
0.5000001568874161
0.21826656430363714
0.5000001568874161
0.5000001568874161
0.5000001568874161
0.5000005679666688
0.5000003451128249
0.5000001568874161
0.5000001568874161
0.5000001568874161
0.5000001568874161
0.5000001568874161
0.5000001568874161
0.5000001568874161
0.5000001568874161
0.5000001568874161
0.5000001568874161
0.5000001568874161
0.5000001568874161
0.5000001568874161
0.5000001568874161
0.5000001568874161
0.5000001568874161
0.5000001568874161
0.5000001568874161
0.5000001568874161
0.5000001568874161
0.5000001568874161
0.5000001568874161
0.5000001568874161
0.5000001568874161
0.5000001568874161
0.5000001568874161
0.5000001568874161
0.5000001568874161
0.5000001568874161
0.5000001568874161
0.8272428504019634
0.38206835976683123
0.4096465537723072
0.38845065124134326
0.5000001568874161
0.5000001568874161
0.5000001568874161
0.5000001568874161
0.5000001568874161
0.5000001568874161
0.5000001568874161
0.5000001568874161
0.5000001568874161
0.5000001568874161
0.5000001568874161
0.5000001568874161
0.5000001568874161
0.5000001568874161
0.5000001568874161
0.5000001568874161
0.5000001568874161
0.5000001568874161
0.5000001568874161
0.5000001568874161
0.5000001568874161
0.5000001568874161
0.5000001568874161
0.5000001568874161
0.5000001568874161
0.5000001568874161
0.5000001568874161
0.5000001568874161
0.5000001568874161
0.5000001568874161
0.5000001568874161
0.5000001568874161
0.5000001568874161
0.5000001568874161
0.5000001568874161
0.5000001568874161
0.5000001568874161
0.5000001568874161
0.5000001568874161
0.5000001568874161
0.5000001568874161
0.5000001568874161
0.5000001568874161
0.5000001568874161
0.5000001568874161
0.10682811952304068
0.00466859952561744
0.5004543235903086
0.5002515924064902
0.08058613448853588
0.500129262686958
0.4998735443250473
0.5001229880459777
0.5000001568874161
0.5000001568874161
0.5000001568874161
0.5000001568874161
0.5000001568874161
0.5000001568874161
0.5000001568874161
0.5000001568874161
0.5000001568874161
0.5000001568874161
0.5000001568874161
0.5000001568874161
0.5000001568874161
0.5000001568874161
0.5000001568874161
0.5000001568874161
0.10682811952304068
0.02361931729747037
0.5004543235903086
0.06969845740963035
0.5001432481322574
0.12603691408090206
0.4998756838744602
0.5000001568874161
0.5000001568874161
0.5000001568874161
0.5000001568874161
0.5000001568874161
0.5000001568874161
0.5000001568874161
0.5000001568874161
0.5000001568874161
0.5000001568874161
0.2210976761022273
0.24254605614594898
0.5000001568874161
0.7071763255125066
0.7000006852453379
0.5000001568874161
0.5000005679666688
0.5000001568874161
0.5000001568874161
0.5000001568874161
0.5000001568874161
0.5000001568874161
0.5000001568874161
0.5000001568874161
0.5000001568874161
0.5000001568874161
0.5000001568874161
0.5000001568874161
0.5000001568874161
0.5000001568874161
0.5000001568874161
0.5000001568874161
0.5000001568874161
0.5000001568874161
0.5000001568874161
0.5000001568874161
0.5000001568874161
0.5000001568874161
0.5000001568874161
0.5000001568874161
0.5000001568874161
0.5000001568874161
0.5000001568874161
0.5000001568874161
0.5000001568874161
0.5000001568874161
0.5000001568874161
0.5000001568874161
0.5000001568874161
0.5000001568874161
0.5000001568874161
0.5000001568874161
0.5000001568874161
0.5000001568874161
0.5000001568874161
0.5000001568874161
0.5000001568874161
0.5000001568874161
0.5000001568874161
0.5000001568874161
0.5000001568874161
0.5000001568874161
0.5000001568874161
0.5000001568874161
0.5000001568874161
0.5000001568874161
0.5000001568874161
0.5000001568874161
0.5000001568874161
0.5000001568874161
0.5000001568874161
0.5000001568874161
0.5000001568874161
0.5000001568874161
0.5000001568874161
0.5000001568874161
0.5000001568874161
0.5000001568874161
0.5000001568874161
0.5000001568874161
0.5000001568874161
0.5000001568874161
0.5000001568874161
0.5000001568874161
0.5000001568874161
0.5000001568874161
0.5000001568874161
0.5000001568874161
0.5000001568874161
0.5000001568874161
0.5000001568874161
0.5000001568874161
0.5000001568874161
0.5000001568874161
0.5000001568874161
0.5000001568874161
0.5000001568874161
0.5000001568874161
0.5000001568874161
0.5000001568874161
0.5000001568874161
0.5000001568874161
0.5000001568874161
0.5000001568874161
0.5000001568874161
0.5000001568874161
0.5000001568874161
0.5000001568874161
0.5000001568874161
0.5000001568874161
0.5000001568874161
0.5000001568874161
0.5000001568874161
0.5000001568874161
0.5000001568874161
0.5000001568874161
0.8432034605808835
0.645861597194043
0.1361352965342045
0.29225155341961584
0.3247896289188387
0.5000001568874161
0.3085280894776513
0.5000001568874161
0.3247896289188387
0.34097123047681294
0.34097123047681294
0.34097123047681294
0.3728554230572611
0.38845065124134326
0.38845065124134326
0.5000001568874161
0.5000001568874161
0.5000001568874161
0.4693291006895914
0.5000001568874161
0.4925802980936473
0.5000001568874161
0.5000001568874161
0.5000001568874161
0.5000001568874161
0.5000001568874161
0.5000001568874161
0.5000001568874161
0.5000001568874161
0.5000001568874161
0.5000001568874161
0.5000001568874161
0.5000001568874161
