0.0008264077598979528
0.5000000619214854
0.5000000619214854
0.5000000619214854
0.5000000619214854
0.5000000619214854
0.5000000619214854
0.5000000619214854
0.5000000619214854
0.5000000619214854
0.5000000619214854
0.5000000619214854
0.5000000619214854
0.5000000619214854
0.5000000619214854
0.5000000619214854
0.5000000619214854
0.5000000619214854
0.5000000619214854
0.5000000619214854
0.5000000619214854
0.5000000619214854
0.5000000619214854
0.5000000619214854
0.5000000619214854
0.5000000619214854
0.5000000619214854
0.5000000619214854
0.5000000619214854
0.5000000619214854
0.5000000619214854
0.5000000619214854
0.5000000619214854
0.5000000619214854
0.5000000619214854
0.5000000619214854
0.5000000619214854
0.5000000619214854
0.5000000619214854
0.5000000619214854
0.5000000619214854
0.5000000619214854
0.5000000619214854
0.5000000619214854
0.5000000619214854
0.5000000619214854
0.5000000619214854
0.5000000619214854
0.5000000619214854
0.5000000619214854
0.5000000619214854
0.5000000619214854
0.5000000619214854
0.5000000619214854
0.5000000619214854
0.5000000619214854
0.5000000619214854
0.5000000619214854
0.5000000619214854
0.5000000619214854
0.5000000619214854
0.5000000619214854
0.5000000619214854
0.5000000619214854
0.5000000619214854
0.5000000619214854
0.5000000619214854
0.5000000619214854
0.5000000619214854
0.5000000619214854
0.5000000619214854
0.5000000619214854
0.5000000619214854
0.5000000619214854
0.5000000619214854
0.5000000619214854
0.5000000619214854
0.5000000619214854
0.5000000619214854
0.5000000619214854
0.5000000619214854
0.5000000619214854
0.5000000619214854
0.5000000619214854
0.5000000619214854
0.5000000619214854
0.5000000619214854
0.5000000619214854
0.5000000619214854
0.5000000619214854
0.5000000619214854
0.5000000619214854
0.5000000619214854
0.5000000619214854
0.5000000619214854
0.5000000619214854
0.5000000619214854
0.5000000619214854
0.5000000619214854
0.5000000619214854
0.5000000619214854
0.5000000619214854
0.5000000619214854
0.5000000619214854
0.5000000619214854
0.5000000619214854
0.5000000619214854
0.5000000619214854
0.5000000619214854
0.5000000619214854
0.5000000619214854
0.5000000619214854
0.5000000619214854
0.5000000619214854
0.5000000619214854
0.5000000619214854
0.5000000619214854
0.5000000619214854
0.5000000619214854
0.5000000619214854
0.5000000619214854
0.5000000619214854
0.5000000619214854
0.5000000619214854
0.5000000619214854
0.5000000619214854
0.5000000619214854
0.5000000619214854
0.5000000619214854
0.5000000619214854
0.5000000619214854
0.5000000619214854
0.5000000619214854
0.5000000619214854
0.5000000619214854
0.5000000619214854
0.5000000619214854
0.5000000619214854
0.5000000619214854
0.5000000619214854
0.5000000619214854
0.5000000619214854
0.5000000619214854
0.5000000619214854
0.5000000619214854
0.5000000619214854
0.5000000619214854
0.5000000619214854
0.5000000619214854
0.5000000619214854
0.5000000619214854
0.5000000619214854
0.5000000619214854
0.5000000619214854
0.5000000619214854
0.5000000619214854
0.5000000619214854
0.5000000619214854
0.5000000619214854
0.5000000619214854
0.5000000619214854
0.5000000619214854
0.5000000619214854
0.5000000619214854
0.5000000619214854
0.5000000619214854
0.5000000619214854
0.5000000619214854
0.5000000619214854
0.5000000619214854
0.5000000619214854
0.5000000619214854
0.5000000619214854
0.5000000619214854
0.5000000619214854
0.5000000619214854
0.5000000619214854
0.5000000619214854
0.5000000619214854
0.5000000619214854
0.5000000619214854
0.5000000619214854
0.5000000619214854
0.5000000619214854
0.5000000619214854
0.5000000619214854
0.5000000619214854
0.5000000619214854
0.5000000619214854
0.5000000619214854
0.5000000619214854
0.5000000619214854
0.5000000619214854
0.5000000619214854
0.5000000619214854
0.5000000619214854
0.5000000619214854
0.5000000619214854
0.5000000619214854
0.5000000619214854
0.5000000619214854
0.5000000619214854
0.5000000619214854
0.5000000619214854
0.5000000619214854
0.5000000619214854
0.5000000619214854
0.5000000619214854
0.5000000619214854
0.5000000619214854
0.5000000619214854
0.5000000619214854
0.5000000619214854
0.5000000619214854
0.5000000619214854
0.5000000619214854
0.5000000619214854
0.5000000619214854
0.5000000619214854
0.5000000619214854
0.5000000619214854
0.5000000619214854
0.5000000619214854
0.5000000619214854
0.5000000619214854
0.5000000619214854
0.5000000619214854
0.5000000619214854
0.5000000619214854
0.5000000619214854
0.5000000619214854
0.5000000619214854
0.5000000619214854
0.5000000619214854
0.5000000619214854
0.5000000619214854
0.5000000619214854
0.5000000619214854
0.5000000619214854
0.5000000619214854
0.5000000619214854
0.5000000619214854
0.5000000619214854
0.5000000619214854
0.5000000619214854
0.5000000619214854
0.5000000619214854
0.5000000619214854
0.5000000619214854
0.5000000619214854
0.5000000619214854
0.5000000619214854
0.5000000619214854
0.5000000619214854
0.5000000619214854
0.5000000619214854
0.5000000619214854
0.5000000619214854
0.5000000619214854
0.5000000619214854
0.5000000619214854
0.5000000619214854
0.5000000619214854
0.5000000619214854
0.5000000619214854
0.5000000619214854
0.5000000619214854
0.5000000619214854
0.5000000619214854
0.5000000619214854
0.5000000619214854
0.5000000619214854
0.5000000619214854
0.5000000619214854
0.5000000619214854
0.49999742419636634
0.5000000619214854
0.5000000619214854
0.50011130157018
0.5000000619214854
0.5000000619214854
0.5000000619214854
0.5000000619214854
0.5000000619214854
0.5000000619214854
0.5000000619214854
0.5000000619214854
0.5000000619214854
0.5000000619214854
0.5000000619214854
0.5000000619214854
0.5000000619214854
0.5000000619214854
0.5000000619214854
0.5000000619214854
0.5000000619214854
0.5000000619214854
0.5000000619214854
0.5000000619214854
0.5000000619214854
0.5000000619214854
0.5000000619214854
0.5000009990786004
0.500001884784548
0.500002715337576
0.5000155347249107
1.00002341307965
1.000043892324423
0.5000507622979448
0.5000587904063868
1.000058759364966
0.5000546659886487
0.5000467474359849
0.5000467385349481
0.5000467385349481
0.5000391609006959
0.5000391609006959
0.5000391522254384
0.5000391522254384
0.5000319011118848
0.5000318926566799
0.5000318926566799
0.5000249460184018
0.5000249460184018
0.5000249460184018
0.5000249460184018
0.5000183071010722
0.5000183071010722
0.5000183071010722
0.5000183071010722
0.5000119548010996
0.5000119548010996
0.5000119548010996
0.5000119548010996
0.5000058769600657
0.5000058769600657
0.5000058769600657
0.5000058769600657
0.5000000619214854
0.5000000619214854
0.5000000619214854
0.5000000619214854
0.5000000619214854
0.5000000619214854
0.5000000619214854
0.5000000619214854
0.5000000619214854
0.5000000619214854
0.5000000619214854
0.5000000619214854
0.5000000619214854
0.5000000619214854
0.5000000619214854
0.5000000619214854
0.5000000619214854
0.5000000619214854
0.5000000619214854
0.5000000619214854
0.5000000619214854
0.5000000619214854
0.5000000619214854
0.5000000619214854
0.5000000619214854
0.5000000619214854
0.5000000619214854
0.5000000619214854
0.5000000619214854
0.5000000619214854
0.5000000619214854
0.5000000619214854
0.5000000619214854
0.5000000619214854
0.5000000619214854
0.5000000619214854
0.5000000619214854
0.5000000619214854
0.5000000619214854
0.5000000619214854
0.5000000619214854
0.5000000619214854
0.5000000619214854
0.5000000619214854
0.5000000619214854
0.5000000619214854
0.5000000619214854
0.5000000619214854
0.5000000619214854
0.5000000619214854
0.5000000619214854
0.5000000619214854
0.5000000619214854
0.5000000619214854
0.5000000619214854
0.5000000619214854
0.5000000619214854
0.5000000619214854
0.5000106632573449
0.5000333445296327
0.00025569900932507963
0.00026857377942578214
0.00027956311398366363
0.0002876235089579187
0.00027919445119739756
0.00026265196424291975
0.0002530142428157645
0.5000295680913863
0.500026452059347
0.5000233337526415
0.500025344190867
0.5000459636311366
0.5000686301731097
0.00026690131158919574
0.0002735786335410804
0.00027881739442843436
0.0002732552533196937
0.00025445516208711
0.0002519872629666273
0.5000264280906014
0.5000285460830748
0.5000253169987424
0.5000221464074318
0.5000221464074318
0.5000203437666136
0.5000203200677775
0.5000203200677775
0.500021230425067
0.5000179280865598
0.5000146847767882
0.5000146642801306
0.500011765800328
0.500011765800328
0.5000085144092095
0.5000085144092095
0.500008422000757
0.500008422000757
0.5000084046327818
0.5000084046327818
0.5000079974787252
0.5000079805924971
0.5000079805924971
0.5000079805924971
0.5000072810718252
0.5000072646539827
0.5000072646539827
0.5000062779153668
0.5000062779153668
0.5000062779153668
0.5000062779153668
0.5000050557937215
0.5000050557937215
0.5000050557937215
0.5000050557937215
0.500003600784464
0.500003600784464
0.500003600784464
0.500003600784464
0.5000019305974359
0.5000019305974359
0.5000019305974359
0.5000019305974359
0.5000000619214854
0.5000000619214854
0.5000000619214854
0.5000000619214854
0.5000000619214854
0.5000000619214854
0.5000000619214854
0.5000000619214854
0.5000000619214854
0.5000000619214854
0.5000000619214854
0.5000000619214854
0.5000000619214854
0.5000000619214854
0.5000000619214854
0.5000000619214854
0.5000000619214854
0.5000000619214854
0.5000000619214854
0.5000000619214854
0.5000000619214854
0.5000000619214854
0.5000000619214854
0.5000000619214854
0.5000000619214854
0.5000000619214854
0.5000000619214854
0.5000000619214854
0.5000000619214854
0.5000000619214854
0.5000000619214854
0.5000000619214854
0.5000000619214854
0.5000000619214854
0.5000000619214854
0.5000000619214854
0.5000000619214854
0.5000000619214854
0.5000000619214854
0.5000000619214854
0.5000000619214854
0.5000000619214854
0.5000000619214854
0.5000000619214854
0.5000000619214854
0.5000000619214854
0.5000000619214854
0.5000000619214854
0.5000000619214854
0.5000000619214854
0.5000000619214854
0.5000000619214854
0.500015618157092
0.5000486017351676
0.5000660781318002
1.0001227300930133
0.00025414682986032295
1.0002695709987364
0.00026508506226049887
0.0005585833708042647
1.0006144721015078
0.5000000619214854
0.5000000619214854
0.5000000619214854
0.5000000619214854
0.5000000619214854
0.5000000619214854
0.5000000619214854
0.5000000619214854
0.5000000619214854
0.5000000619214854
0.5000000619214854
0.5000000619214854
0.5000000619214854
0.5000000619214854
0.5000000619214854
0.5000000619214854
0.5000000619214854
0.5000000619214854
0.5000000619214854
0.5000000619214854
0.5000000619214854
0.5000000619214854
0.5000000619214854
0.5000000619214854
0.5000000619214854
0.5000000619214854
0.5000000619214854
0.5000000619214854
0.5000000619214854
0.5000000619214854
0.5000000619214854
0.5000000619214854
0.5000000619214854
0.5000000619214854
0.5000000619214854
0.5000000619214854
0.5000000619214854
0.5000000619214854
0.5000000619214854
0.5000000619214854
0.5000000619214854
0.5000000619214854
0.5000000619214854
0.5000000619214854
0.5000000619214854
0.5000000619214854
0.5000000619214854
0.5000000619214854
0.5000000619214854
0.5000000619214854
0.5000000619214854
0.5000000619214854
0.5000000619214854
0.5000000619214854
0.5000000619214854
0.5000000619214854
0.5000000619214854
0.5000000619214854
0.5000000619214854
0.5000000619214854
0.5000000619214854
0.5000000619214854
0.5000000619214854
0.5000000619214854
0.5000000619214854
0.5000000619214854
0.5000000619214854
0.5000000619214854
0.5000000619214854
0.5000000619214854
0.5000000619214854
0.5000000619214854
0.5000000619214854
0.5000000619214854
0.5000000619214854
0.5000000619214854
0.5000000619214854
0.5000000619214854
0.5000000619214854
0.5000000619214854
0.5000000619214854
0.5000000619214854
0.5000000619214854
0.5000000619214854
0.5000000619214854
0.5000000619214854
0.5000000619214854
0.5000000619214854
0.5000000619214854
0.5000000619214854
0.5000000619214854
0.5000000619214854
0.5000000619214854
0.5000000619214854
0.5000000619214854
0.5000000619214854
0.5000000619214854
0.5000000619214854
0.5000000619214854
0.5000000619214854
1.0000781448199754
0.5001948730411394
0.5003043628177124
0.5000558666203552
0.5000517204925309
0.5000001318609723
0.5000001318609723
0.5000001141398841
0.5000000619214854
0.5000000619214854
0.5000000619214854
0.5000000619214854
0.5000001405450356
0.5000000619214854
0.5000000619214854
0.5000000619214854
0.5000000619214854
0.5000000619214854
0.5000000619214854
0.5000000619214854
0.5000000619214854
0.5000000619214854
0.5000000619214854
0.5000000619214854
0.5000000619214854
0.5000000619214854
0.5000000676543043
0.5000000619214854
0.5000000619214854
0.5000000619214854
0.5000000619214854
0.5000000619214854
0.5000000619214854
0.5000000619214854
0.5000000619214854
0.5000000619214854
0.5000000619214854
0.5000000619214854
0.5000000619214854
0.5000000619214854
0.5000000619214854
0.5000000619214854
0.5000000619214854
0.5000000619214854
0.5000000619214854
0.5000000619214854
0.5000000619214854
0.5000000619214854
0.5000000619214854
0.5000000619214854
0.5000000619214854
0.5000000619214854
0.5000000619214854
0.5000000619214854
0.5000000619214854
0.5000000619214854
0.5000000619214854
0.5000019305974359
0.5000070516549359
0.5000154905736242
0.5000166262238533
0.5000201712580707
0.00025043208548316273
0.5000183231461924
0.5000183231461924
0.0002502393563923799
0.5000084046327818
0.5000084046327818
0.5000079974787252
0.5000079974787252
0.5000079805924971
0.5000079805924971
0.5000072646539827
0.5000072646539827
0.5000072483614421
0.5000062779153668
0.5000062779153668
0.5000062779153668
0.5000062779153668
0.5000050557937215
0.5000050557937215
0.5000050557937215
0.5000050557937215
0.500003600784464
0.500003600784464
0.500003600784464
0.500003600784464
0.5000019305974359
0.5000019305974359
0.5000019305974359
0.5000019305974359
0.5000000619214854
0.5000000619214854
0.5000000619214854
0.5000000619214854
0.5000000619214854
0.5000000619214854
0.5000000619214854
0.5000000619214854
0.5000000619214854
0.5000000619214854
0.5000000619214854
0.00025152629797554947
1.000186396922772
0.00026508506226049887
1.000536384516985
0.5000000619214854
0.5000000619214854
0.5000000619214854
0.5000000619214854
0.5000000619214854
0.5000335639188276
0.5000705322207669
0.5000904197218438
0.5000904197218438
0.5000000619214854
0.5000000619214854
0.5000000619214854
0.5000000619214854
0.5000000619214854
0.5000000619214854
0.5000000619214854
0.5000000619214854
0.5000000619214854
0.5000000619214854
0.5000000619214854
0.5000000619214854
0.5000000619214854
0.5000000619214854
0.5000000619214854
0.5000000619214854
0.5000000619214854
0.5000000619214854
0.5000000619214854
0.5000000619214854
0.5000000619214854
0.5000000619214854
0.5000000619214854
0.5000000619214854
0.5000000619214854
0.5000000619214854
0.5000000619214854
0.5000000619214854
0.5000000619214854
0.5000000619214854
0.5000000619214854
0.5000000619214854
0.5000000619214854
0.5000000619214854
0.5000000619214854
0.5000000619214854
0.5000000619214854
0.5000000619214854
0.5000000619214854
0.5000000619214854
0.5000000619214854
0.5000000619214854
0.5000000619214854
0.5000000619214854
0.5000000619214854
0.5000000619214854
0.5000000619214854
0.5000000619214854
0.5000000619214854
0.5000000619214854
0.5000000619214854
0.5000000619214854
0.5000000619214854
0.5000000619214854
0.5000000619214854
0.5000000619214854
0.5000000619214854
0.5000000619214854
0.5000000619214854
0.5000000619214854
0.5000000619214854
0.5000000619214854
0.5000000619214854
0.5000000619214854
0.5000000619214854
0.5000000619214854
0.5000000619214854
0.5000000619214854
0.5000000619214854
0.5000000619214854
0.5000000619214854
0.5000000619214854
0.5000000619214854
0.5000000619214854
0.5000000619214854
0.5000000619214854
0.5000000619214854
0.5000000619214854
0.5000000619214854
0.5000000619214854
0.5000000619214854
0.5000000619214854
0.5000000619214854
0.5000000619214854
0.5000000619214854
0.5000000619214854
0.5000000619214854
0.5000000619214854
0.5000000619214854
0.5000000619214854
0.5000000619214854
0.5000000619214854
0.5000000619214854
0.5000000619214854
0.5000000619214854
0.5000000619214854
0.5000000619214854
0.5000000619214854
0.5000000619214854
0.5000000619214854
0.5000000619214854
0.5000000619214854
0.5000000619214854
0.5000000619214854
0.5000000619214854
0.5000000619214854
0.5000000619214854
0.5000000619214854
0.5000000619214854
0.5000000619214854
0.5000000619214854
0.5000000619214854
0.5000000619214854
0.5000000619214854
0.5000000619214854
0.5000000619214854
0.5000000619214854
0.5000000619214854
0.5000000619214854
0.5000000619214854
0.5000000619214854
0.5000000619214854
0.5000000619214854
0.5000000619214854
0.5000000619214854
0.5000000619214854
0.5000000619214854
0.5000000619214854
0.5000000619214854
0.5000000619214854
0.5000000619214854
0.5000000619214854
0.5000000619214854
0.5000000619214854
0.5000000619214854
0.5000000619214854
0.5000000619214854
0.5000000619214854
0.5000000619214854
0.5000000619214854
0.5000000619214854
0.5000000619214854
0.5000000619214854
0.49999327644367286
0.00024933767565529536
0.5000000619214854
0.49999742419636634
0.4999962707936148
0.5000000619214854
0.5000000619214854
0.5000000619214854
0.5000000619214854
0.5000000619214854
0.5000000619214854
0.5000000619214854
0.5000000619214854
0.5000000619214854
0.5000000619214854
0.5000000619214854
0.5000000619214854
0.5000000619214854
0.5000000619214854
0.5000000619214854
0.5000000619214854
0.5000000619214854
0.5000000619214854
0.5000000619214854
0.5000000619214854
0.5000000619214854
0.5000000619214854
0.5000000619214854
0.5000000619214854
0.5000000619214854
0.5000000619214854
0.5000000619214854
0.5000000619214854
0.5000000619214854
0.5000000619214854
0.5000000619214854
0.5000000619214854
0.5000000619214854
0.5000000619214854
0.5000000619214854
0.5000000619214854
0.5000000619214854
0.5000000619214854
0.5000000619214854
0.5000000619214854
0.5000000619214854
0.5000000619214854
0.5000000619214854
0.5000000619214854
0.5000000619214854
0.5000000619214854
0.5000000619214854
0.5000000619214854
0.5000000619214854
0.5000000619214854
0.5000000619214854
0.5000000619214854
0.5000000619214854
0.5000000619214854
0.5000000619214854
0.5000000619214854
0.5000000619214854
0.5000000619214854
0.5000000619214854
0.5000000619214854
0.5000000619214854
0.5000000619214854
0.5000000619214854
0.5000000619214854
0.5000000619214854
0.5000000619214854
0.5000000619214854
0.5000000619214854
0.5000000619214854
0.5000000619214854
0.5000000619214854
0.5000000619214854
0.5000000619214854
0.5000000619214854
0.5000000619214854
0.5000000619214854
0.5000000619214854
0.5000000619214854
0.5000000619214854
0.5000000619214854
0.5000000619214854
0.5000000619214854
0.5000000619214854
0.5000000619214854
0.5000000619214854
0.5000000619214854
0.5000000619214854
0.5000000619214854
0.5000000619214854
0.5000000619214854
0.5000000619214854
0.5000000619214854
0.5000000619214854
0.5000000619214854
0.5000000619214854
0.5000000619214854
0.5000000619214854
0.5000000619214854
0.5000000619214854
0.5000000619214854
0.5000000619214854
0.5000000619214854
0.5000000619214854
0.5000000619214854
0.5000000619214854
0.5000000619214854
0.5000000619214854
0.5000000619214854
0.5000000619214854
0.5000000619214854
0.5000000619214854
0.5000000619214854
0.5000000619214854
0.5000000619214854
0.5000000619214854
