0.5637135608746637
0.03688867791879417
0.03688867791879417
0.03688867791879417
0.03688867791879417
0.03688867791879417
0.03688867791879417
0.03688867791879417
0.03688867791879417
0.03688867791879417
0.03688867791879417
0.03688867791879417
0.03688867791879417
0.03688867791879417
0.03688867791879417
0.03688867791879417
0.03688867791879417
0.03688867791879417
0.03688867791879417
0.03688867791879417
0.03688867791879417
0.03688867791879417
0.03688867791879417
0.03688867791879417
0.03688867791879417
0.03688867791879417
0.03688867791879417
0.03688867791879417
0.03688867791879417
0.03688867791879417
0.03688867791879417
0.03688867791879417
0.03688867791879417
0.03688867791879417
0.03688867791879417
0.03688867791879417
0.03688867791879417
0.03688867791879417
0.03688867791879417
0.03688867791879417
0.03688867791879417
0.03688867791879417
0.03688867791879417
0.03688867791879417
0.03688867791879417
0.03688867791879417
0.03688867791879417
0.03688867791879417
0.03688867791879417
0.03688867791879417
0.03688867791879417
0.03688867791879417
0.03688867791879417
0.03688867791879417
0.03688867791879417
0.03688867791879417
0.03688867791879417
0.03688867791879417
0.03688867791879417
0.03688867791879417
0.03688867791879417
0.03688867791879417
0.03688867791879417
0.03688867791879417
0.03688867791879417
0.03688867791879417
0.005272798165526487
0.0005541041203668538
0.0005594317710433905
0.0005606204563587103
0.0005596091592830734
0.0005585903251293631
0.000553821929185518
0.0005506918413721615
0.0005329287802191575
0.0005329287802191575
0.0005183481747476226
0.0004543571417081212
0.0368886778902185
0.036888677896158226
0.036888677901743425
0.036888677904409764
0.036888677909502475
0.036888677916577337
0.03688867791879417
0.03688867791879417
0.03688867791879417
0.03688867791879417
0.03688867791879417
0.03688867791879417
0.006259436176901323
0.0003841003626475629
0.0005535173378921792
0.0005660168083393128
0.000567358483351115
0.0005669196622936808
0.0005660814489325391
0.0005529185089597073
0.03688867791879417
0.03688867791879417
0.03688867791879417
0.03688867791879417
0.03688867791879417
0.03688867791879417
0.03688867791879417
0.03688867791879417
0.03688867791879417
0.03688867791879417
0.03688867791879417
0.03688867791879417
0.03688867791879417
0.03688867791879417
0.03688867791879417
0.03688867791879417
0.03688867791879417
0.03688867791879417
0.03688867791879417
0.03688867791879417
0.03688867791879417
0.03688867791879417
0.03688867791879417
0.03688867791879417
0.03688867791879417
0.03688867791879417
0.03688867791879417
0.03688867791879417
0.03688867791879417
0.03688867791879417
0.03688867791879417
0.03688867791879417
0.03688867791879417
0.03688867791879417
0.03688867791879417
0.03688867791879417
0.03688867791879417
0.03688867791879417
0.03688867791879417
0.03688867791879417
0.03688867791879417
0.03688867791879417
0.03688867791879417
0.03688867791879417
0.03688867791879417
0.03688867791879417
0.03688867791879417
0.03688867791879417
0.03688867791879417
0.03688867791879417
0.03688867791879417
0.03688867791879417
0.03688867791879417
0.03688867791879417
0.0923078131600707
0.13256256968820695
0.17886619632451672
0.228026677464541
0.27674247846938865
0.27674247846938865
0.27674247846938865
0.32238429914245886
0.32238429914245886
0.5142633845139644
0.43763917971102734
0.48582075049728657
0.5027483725701234
0.00056736838156911
0.03688867791879417
0.03688867791879417
0.03688867791879417
0.03688867791879417
0.03688867791879417
0.03688867791879417
0.03688867791879417
0.03688867791879417
0.03688867791879417
0.03688867791879417
0.03688867791879417
0.03688867791879417
0.03688867791879417
0.03688867791879417
0.03688867791879417
0.03688867791879417
0.03688867791879417
0.03688867791879417
0.03688867791879417
0.03688867791879417
0.03688867791879417
0.03688867791879417
0.03688867791879417
0.03688867791879417
0.03688867791879417
0.03688867791879417
0.03688867791879417
0.03688867791879417
0.03688867791879417
0.03688867791879417
0.03688867791879417
0.03688867791879417
0.03688867791879417
0.03688867791879417
0.03688867791879417
0.03688867791879417
0.03688867791879417
0.03688867791879417
0.03688867791879417
0.03688867791879417
0.03688867791879417
0.03688867791879417
0.03688867791879417
0.03688867791879417
0.03688867791879417
0.03688867791879417
0.03688867791879417
0.03688867791879417
0.03688867791879417
0.03688867791879417
0.03688867791879417
0.03688867791879417
0.03688867791879417
0.03688867791879417
0.03688867791879417
0.03688867791879417
0.03688867791879417
0.03688867791879417
0.03688867791879417
0.03688867791879417
0.03688867791879417
0.03688867791879417
0.03688867791879417
0.03688867791879417
0.03688867791879417
0.03688867791879417
0.03688867791879417
0.03688867791879417
0.03688867791879417
0.03688867791879417
0.03688867791879417
0.03688867791879417
0.03688867791879417
0.03688867791879417
0.03688867791879417
0.03688867791879417
0.03688867791879417
0.03688867791879417
0.03688867791879417
0.03688867791879417
0.03688867791879417
0.03688867791879417
0.03688867791879417
0.03688867791879417
0.03688867791879417
0.03688867791879417
0.03688867791879417
0.03688867791879417
0.03688867791879417
0.03688867791879417
0.03688867791879417
0.03688867791879417
0.03688867791879417
0.03688867791879417
0.03688867791879417
0.03688867791879417
0.03688867791879417
0.03688867791879417
0.03688867791879417
0.03688867791879417
0.03688867791879417
0.03688867791879417
0.03688867791879417
0.03688867791879417
0.03688867791879417
0.03688867791879417
0.03688867791879417
0.03688867791879417
0.03688867791879417
0.03688867791879417
0.03688867791879417
0.03688867791879417
0.03688867791879417
0.03688867791879417
0.03688867791879417
0.03688867791879417
0.03688867791879417
0.03688867791879417
0.03688867791879417
0.03688867791879417
0.03688867791879417
0.03688867791879417
0.03688867791879417
0.03688867791879417
0.03688867791879417
0.03688867791879417
0.03688867791879417
0.03688867791879417
0.03688867791879417
0.03688867791879417
0.03688867791879417
0.03688867791879417
0.03688867791879417
0.03688867791879417
0.03688867791879417
0.03688867791879417
0.03688867791879417
0.03688867791879417
0.03688867791879417
0.006259436176901323
0.0003841003626475629
0.0005535173378921792
0.0005660168083393128
0.000567358483351115
0.0005672292295217604
0.0005660814489325391
0.0005490846274588059
0.03688867791879417
0.03688867791879417
0.03688867791879417
0.03688867791879417
0.03688867791879417
0.03688867791879417
0.03688867791879417
0.03688867791879417
0.03688867791879417
0.03688867791879417
0.03688867791879417
0.03688867791879417
0.03688867791879417
0.06653811184159343
0.16264423000466474
0.45378075587119876
0.4786712592871167
0.5344320710264151
0.5344320710264151
0.036888677902238536
0.03688867790524444
0.03688867791879417
0.03688867791879417
0.03688867791754327
0.03688867791879417
0.03688867791754327
0.03688867791879417
0.03688867791879417
0.03688867791879417
0.026135749681957237
0.03688867791879417
0.00517826178322328
0.0024835367316685393
0.003209531830511054
0.0024835367316685393
0.03688867791879417
0.0178791708510295
0.022951324221531358
0.03688867791879417
0.03688867791879417
0.038777364580099616
0.038777364580099616
0.03688867791879417
0.03688867791879417
0.03688867791879417
0.03688867791879417
0.03688867791879417
0.03688867791879417
0.03688867791879417
0.03688867791879417
0.03688867791879417
0.03688867791879417
0.03688867791879417
0.03688867791879417
0.03688867791879417
0.03688867791879417
0.03688867791879417
0.03688867791879417
0.03688867791879417
0.03688867791879417
0.03688867791879417
0.03688867791879417
0.03688867791879417
0.03688867791879417
0.03688867791879417
0.03688867791879417
0.03688867791879417
0.03688867791879417
0.03688867791879417
0.03688867791879417
0.03688867791879417
0.03688867791879417
0.03688867791879417
0.03688867791879417
0.03688867791879417
0.03688867791879417
0.03688867791879417
0.022951324221531358
0.020281990471460003
0.03688867791879417
0.056729093518950245
0.05937475621077912
0.06782830651325628
0.0649247065336024
0.06210677083404485
0.056729093518950245
0.047037915330672544
0.044848303957516496
0.03688867791879417
0.03688867791879417
0.03688867791879417
0.03688867791879417
0.03688867791879417
0.03688867791879417
0.03688867791879417
0.03688867791879417
0.03603155133278418
0.03688867791879417
0.03688867791879417
0.03688867791879417
0.03688867791879417
0.03688867791879417
0.03688867791879417
0.03688867791879417
0.03688867791879417
0.03688867791879417
0.03688867791879417
0.03688867791879417
0.03688867791879417
0.03688867791879417
0.03688867791879417
0.03688867791879417
0.03688867791879417
0.03688867791879417
0.03688867791879417
0.03688867791879417
0.03688867791879417
0.03688867791879417
0.03688867791879417
0.03688867791879417
0.03688867791879417
0.03688867791879417
0.03688867791879417
0.03688867791879417
0.03688867791879417
0.03688867791879417
0.03688867791879417
0.03688867791879417
0.03688867791879417
0.0923078131600707
0.0923078131600707
0.13256256968820695
0.13256256968820695
0.13256256968820695
0.0923078131600707
0.0923078131600707
0.0923078131600707
0.0923078131600707
0.06024311583656269
0.03688867791879417
0.03688867791879417
0.03688867791879417
0.03688867791879417
0.03688867791879417
0.03688867791879417
0.03688867791879417
0.03688867791879417
0.03688867791879417
0.03688867791879417
0.03688867791879417
0.03688867791879417
0.03688867791879417
0.00029106268533571735
0.0005541041203668538
0.0005606204563587103
0.0005603937425311678
0.0005603937425311678
0.0005594976883343954
0.0004543571398243993
0.0004944612460909289
0.0004944612460909289
0.0004944612460909289
0.0004543571408844716
0.03688867789899379
0.036888677901743425
0.036888677901743425
0.036888677904409764
0.036888677911933704
0.036888677916577337
0.03688867791879417
0.018084198229749816
0.009962077846197449
0.0064876496263813
0.0178791708510295
0.015720350654082706
0.034373688315393204
0.07081733944900942
0.014726252113329761
0.032616763591175484
0.06782830651325628
0.05937475621077912
0.047037915330672544
0.04072897161721182
0.04072897161721182
0.03688867791879417
0.03688867791879417
0.03688867791879417
0.03688867791879417
0.03688867791879417
0.03688867791879417
0.03688867791879417
0.03688867791879417
0.03688867791879417
0.03688867791879417
0.03688867791879417
0.03688867791879417
0.03688867791879417
0.03688867791879417
0.03688867791879417
0.03688867791879417
0.03688867791879417
0.03688867791879417
0.03688867791879417
0.03688867791879417
0.03688867791879417
0.03688867791879417
0.03688867791879417
0.03688867791879417
0.03688867791879417
0.03688867791879417
0.03688867791879417
0.03688867791879417
0.03688867791879417
0.03688867791879417
0.03688867791879417
0.03688867791879417
0.03688867791879417
0.03688867791879417
0.03688867791879417
0.03688867791879417
0.03688867791879417
0.03688867791879417
0.03688867791879417
0.03688867791879417
0.03688867791879417
0.03688867791879417
0.03688867791879417
0.03688867791879417
0.03688867791879417
0.03688867791879417
0.03688867791879417
0.03688867791879417
0.03688867791879417
0.03688867791879417
0.03688867791879417
0.03688867791879417
0.03688867791879417
0.03688867791879417
0.03688867791879417
0.03688867791879417
0.03688867791879417
0.03688867791879417
0.03688867791879417
0.03688867791879417
0.03688867791879417
0.03688867791879417
0.03688867791879417
0.03688867791879417
0.03688867791879417
0.03688867791879417
0.03688867791879417
0.03688867791879417
0.03688867791879417
0.03688867791879417
0.03688867791879417
0.03688867791879417
0.03688867791879417
0.03688867791879417
0.03688867791879417
0.03688867791879417
0.03688867791879417
0.03688867791879417
0.03688867791879417
0.03688867791879417
0.03688867791879417
0.03688867791879417
0.03688867791879417
0.03688867791879417
0.03688867791879417
0.03688867791879417
0.03688867791879417
0.03688867791879417
0.03688867791879417
0.03688867791879417
0.03688867791879417
0.03688867791879417
0.03688867791879417
0.03688867791879417
0.03688867791879417
0.03688867791879417
0.03688867791879417
0.0004383699824736096
0.0005541041203668538
0.0005606204563587103
0.0005603937425311678
0.0005596091592830734
0.0005530723230320382
0.0005544661554059733
0.0005183481747476226
0.0005329287802191575
0.0005183481747476226
0.00045435714108100665
0.0001639851810039828
0.036888677893234044
0.03688867789899379
0.036888677904409764
0.036888677909502475
0.03688867791429122
0.06024311583656269
0.17886619632451672
0.228026677464541
0.228026677464541
0.228026677464541
0.228026677464541
0.27674247846938865
0.27674247846938865
0.27674247846938865
0.27674247846938865
0.3633268104461955
0.48537882514060293
0.5465502544113605
0.5027483725701234
0.51607234263171
0.0005680438629913039
0.03688867791879417
0.03688867791879417
0.03688867791879417
0.03688867791879417
0.03688867791879417
0.03688867791879417
0.03688867791879417
0.03688867791879417
0.03688867791879417
0.03688867791879417
0.03688867791879417
0.03688867791879417
0.03688867791879417
0.03688867791879417
0.03688867791879417
0.03688867791879417
0.03688867791879417
0.03688867791879417
0.03688867791879417
0.03688867791879417
0.03688867791879417
0.03688867791879417
0.03688867791879417
0.03688867791879417
0.03688867791879417
0.03688867791879417
0.03688867791879417
0.03688867791879417
0.03688867791879417
0.03688867791879417
0.03688867791879417
0.03688867791879417
0.03688867791879417
0.03688867791879417
0.03688867791879417
0.03688867791879417
0.03688867791879417
0.03688867791879417
0.03688867791879417
0.03688867791879417
0.03688867791879417
0.03688867791879417
0.03688867791879417
0.03688867791879417
0.03688867791879417
0.03688867791879417
0.03688867791879417
0.03688867791879417
0.03688867791879417
0.03688867791879417
0.03688867791879417
0.03688867791879417
0.03688867791879417
0.03688867791879417
0.03688867791879417
0.03688867791879417
0.03688867791879417
0.03688867791879417
0.03688867791879417
0.03688867791879417
0.03688867791879417
0.03688867791879417
0.03688867791879417
0.03688867791879417
0.03688867791879417
0.03688867791879417
0.03688867791879417
0.03688867791879417
0.03688867791879417
0.03688867791879417
0.03688867791879417
0.03688867791879417
0.03688867791879417
0.03688867791879417
0.03688867791879417
0.03688867791879417
0.03688867791879417
0.03688867791879417
0.03688867791879417
0.03688867791879417
0.03688867791879417
0.03688867791879417
0.03688867791879417
0.03688867791879417
0.03688867791879417
0.03688867791879417
0.03688867791879417
0.03688867791879417
0.03688867791879417
0.03688867791879417
0.03688867791879417
0.03688867791879417
0.03688867791879417
0.03688867791879417
0.03688867791879417
0.03688867791879417
0.03688867791879417
0.03688867791879417
0.03688867791879417
0.03688867791879417
0.03688867791879417
0.03688867791879417
0.03688867791879417
0.03688867791879417
0.03688867791879417
0.03688867791879417
0.03688867791879417
0.03688867791879417
0.03688867791879417
0.005272798165526487
0.005272798165526487
0.03688867791879417
0.011786193753490173
0.0030572127724358142
0.001387926999832718
0.0005206348253281066
0.001387926999832718
0.006172900623008899
0.03688867791879417
0.03688867791879417
0.036888677916577337
0.036888677916577337
0.036888677916577337
0.03688867791879417
0.03688867791879417
0.03688867791879417
0.03688867791879417
0.03688867791879417
0.021803809471267067
0.04141410487775716
0.12868990560765403
0.25732778235408194
0.4135324725768885
0.5556461180401063
0.5612377991243657
0.5627243585587636
0.5634117387061877
0.5634117387061877
0.5634117387061877
0.5634117387061877
0.5294927149783387
0.034149691638014394
0.035303373014799536
0.036888677877222976
0.03688867789729037
0.03688867790808053
0.03688867791362564
0.036888677918205166
0.03688867791879417
0.03688867791879417
0.03688867791879417
0.03688867791879417
0.03688867791879417
0.03688867791879417
0.03688867791879417
0.03688867791879417
0.03688867791879417
0.03688867791879417
0.03688867791879417
0.03688867791879417
0.03688867791879417
0.03688867791879417
0.03688867791879417
0.03688867791879417
0.03688867791879417
0.03688867791879417
0.03688867791879417
0.03688867791879417
0.03688867791879417
0.03688867791879417
0.03688867791879417
0.03688867791879417
0.03688867791879417
0.03688867791879417
0.03688867791879417
0.03688867791879417
0.03688867791879417
0.03688867791879417
0.03688867791879417
0.03688867791879417
0.03688867791879417
0.03688867791879417
0.03688867791879417
0.03688867791879417
0.03688867791879417
0.03688867791879417
0.03688867791879417
0.03688867791879417
0.03688867791879417
0.03688867791879417
0.03688867791879417
0.03688867791879417
0.03688867791879417
0.03688867791879417
0.03688867791879417
0.03688867791879417
0.03688867791879417
0.03688867791879417
0.03688867791879417
0.03688867791879417
0.03688867791879417
0.03688867791879417
0.03688867791879417
0.03688867791879417
0.03688867791879417
0.03688867791879417
0.03688867791879417
0.03688867791879417
0.03688867791879417
0.03688867791879417
0.03688867791879417
0.03688867791879417
0.03688867791879417
0.03688867791879417
0.03688867791879417
0.03688867791879417
0.03688867791879417
0.03688867791879417
0.03688867791879417
0.03688867791879417
0.03688867791879417
0.03688867791879417
0.03688867791879417
0.03688867791879417
0.03688867791879417
0.03688867791879417
0.03688867791879417
0.03688867791879417
0.03688867791879417
0.03688867791879417
0.03688867791879417
0.03688867791879417
0.03688867791879417
0.03688867791879417
0.03688867791879417
0.03688867791879417
0.03688867791879417
0.03688867791879417
0.03688867791879417
0.03688867791879417
0.03688867791879417
0.03688867791879417
0.03688867791879417
0.03688867791879417
0.03688867791879417
0.03688867791879417
0.03688867791879417
0.03688867791879417
0.03688867791879417
0.03688867791879417
0.03688867791879417
0.03688867791879417
0.03688867791879417
0.03688867791879417
0.03688867791879417
0.03688867791879417
0.03688867791879417
0.03688867791879417
0.03688867791879417
0.03688867791879417
0.03688867791879417
0.03688867791879417
0.03688867791879417
0.03688867791879417
0.03688867791879417
0.03688867791879417
0.03688867791879417
0.03688867791879417
0.03688867791879417
0.03688867791879417
0.03688867791879417
0.03688867791879417
0.03688867791879417
0.03688867791879417
0.03688867791879417
0.03688867791879417
0.03688867791879417
0.03688867791879417
0.03688867791879417
0.03688867791879417
0.03688867791879417
0.03688867791879417
0.03688867791879417
0.03688867791879417
0.03688867791879417
0.03688867791879417
0.03688867791879417
0.03688867791879417
0.03688867791879417
0.03688867791879417
0.03688867791879417
0.03688867791879417
0.03688867791879417
0.03688867791879417
0.03486332185679974
0.03486332185679974
0.031026866685387563
0.03688867791879417
0.031026866685387563
0.03486332185679974
0.03688867791879417
0.03688867791879417
0.03688867791879417
0.03688867791879417
0.03688867791879417
0.03688867791879417
0.03688867791879417
0.03688867791879417
0.03688867791879417
0.03688867791879417
0.03688867791879417
0.03688867791879417
0.03688867791879417
0.03688867791879417
0.03688867791879417
0.03688867791879417
0.03688867791879417
0.03688867791879417
0.03688867791879417
0.03688867791879417
0.03688867791879417
0.03688867791879417
0.03688867791879417
0.03688867791879417
0.03688867791879417
0.03688867791879417
0.03688867791879417
0.03688867791879417
0.03688867791879417
0.03688867791879417
0.03688867791879417
0.03688867791879417
0.03688867791879417
0.03688867791879417
0.03688867791879417
0.03688867791879417
0.03688867791879417
0.10332628197797109
0.20758691033112645
0.3171518710350141
0.3171518710350141
0.0005654856776383041
0.0005647406247592951
0.00056736838156911
0.03688867791879417
0.03688867791879417
0.03688867791879417
0.03688867791879417
0.03688867791879417
0.03688867791879417
0.03688867791879417
0.03688867791879417
0.03688867791879417
0.03688867791879417
0.03688867791879417
0.03688867791879417
0.03688867791879417
0.03688867791879417
0.03688867791879417
0.03688867791879417
0.03688867791879417
0.03688867791879417
0.03688867791879417
0.03688867791879417
0.03688867791879417
0.03688867791879417
0.03688867791879417
0.03688867791879417
0.03688867791879417
0.03688867791879417
0.03688867791879417
0.07743088936822708
