0.4348616286368129
0.9616527283832493
0.9616527283832493
0.9616527283832493
0.9616527283832493
0.9616527283832493
0.9616527283832493
0.9616527283832493
0.9616527283832493
0.9616527283832493
0.9616527283832493
0.9616527283832493
0.9616527283832493
0.9616527283832493
0.9616527283832493
0.9616527283832493
0.9616527283832493
0.9616527283832493
0.9616527283832493
0.9616527283832493
0.9616527283832493
0.9616527283832493
0.9616527283832493
0.9616527283832493
0.9616527283832493
0.9616527283832493
0.9616527283832493
0.9616527283832493
0.9616527283832493
0.9616527283832493
0.9616527283832493
0.9616527283832493
0.9616527283832493
0.9616527283832493
0.9616527283832493
0.9616527283832493
0.9616527283832493
0.9616527283832493
0.9616527283832493
0.9616527283832493
0.9616527283832493
0.9616527283832493
0.9616527283832493
0.9616527283832493
0.9616527283832493
0.9616527283832493
0.9616527283832493
0.9616527283832493
0.9616527283832493
0.9616527283832493
0.9616527283832493
0.9616527283832493
0.9616527283832493
0.9616527283832493
0.9616527283832493
0.9616527283832493
0.9616527283832493
0.9616527283832493
0.9616527283832493
0.9616527283832493
0.9616527283832493
0.9616527283832493
0.9616527283832493
0.9616527283832493
0.9616527283832493
0.9616527283832493
0.9932728409947644
0.9990889581626151
0.9990968060857742
0.9990998507959893
0.9991017259346843
0.9991019641645713
0.9991011386695782
0.9991007503310129
0.999064162012987
0.999064162012987
0.999047626276347
0.9989770444659791
0.9616527284118772
0.9616527284059266
0.9616527284003313
0.96165272839766
0.961652728392558
0.9616527283854702
0.9616527283832493
0.9616527283832493
0.9616527283832493
0.9616527283832493
0.9616527283832493
0.9616527283832493
0.9922848894994817
0.9988954313256128
0.9990826034756726
0.9990983532264576
0.9991011513147824
0.9991016856879581
0.999101661327724
0.9991004321476569
0.9616527283832493
0.9616527283832493
0.9616527283832493
0.9616527283832493
0.9616527283832493
0.9616527283832493
0.9616527283832493
0.9616527283832493
0.9616527283832493
0.9616527283832493
0.9616527283832493
0.9616527283832493
0.9616527283832493
0.9616527283832493
0.9616527283832493
0.9616527283832493
0.9616527283832493
0.9616527283832493
0.9616527283832493
0.9616527283832493
0.9616527283832493
0.9616527283832493
0.9616527283832493
0.9616527283832493
0.9616527283832493
0.9616527283832493
0.9616527283832493
0.9616527283832493
0.9616527283832493
0.9616527283832493
0.9616527283832493
0.9616527283832493
0.9616527283832493
0.9616527283832493
0.9616527283832493
0.9616527283832493
0.9616527283832493
0.9616527283832493
0.9616527283832493
0.9616527283832493
0.9616527283832493
0.9616527283832493
0.9616527283832493
0.9616527283832493
0.9616527283832493
0.9616527283832493
0.9616527283832493
0.9616527283832493
0.9616527283832493
0.9616527283832493
0.9616527283832493
0.9616527283832493
0.9616527283832493
0.9616527283832493
0.9062539361728077
0.866005763153803
0.8197069805279475
0.770550022994352
0.7218367624331183
0.7218367624331183
0.7218367624331183
0.6761967593699035
0.6761967593699035
0.4843194557118528
0.5608994574206752
0.5127173519955153
0.49578944946400083
0.9990972252572827
0.9616527283832493
0.9616527283832493
0.9616527283832493
0.9616527283832493
0.9616527283832493
0.9616527283832493
0.9616527283832493
0.9616527283832493
0.9616527283832493
0.9616527283832493
0.9616527283832493
0.9616527283832493
0.9616527283832493
0.9616527283832493
0.9616527283832493
0.9616527283832493
0.9616527283832493
0.9616527283832493
0.9616527283832493
0.9616527283832493
0.9616527283832493
0.9616527283832493
0.9616527283832493
0.9616527283832493
0.9616527283832493
0.9616527283832493
0.9616527283832493
0.9616527283832493
0.9616527283832493
0.9616527283832493
0.9616527283832493
0.9616527283832493
0.9616527283832493
0.9616527283832493
0.9616527283832493
0.9616527283832493
0.9616527283832493
0.9616527283832493
0.9616527283832493
0.9616527283832493
0.9616527283832493
0.9616527283832493
0.9616527283832493
0.9616527283832493
0.9616527283832493
0.9616527283832493
0.9616527283832493
0.9616527283832493
0.9616527283832493
0.9616527283832493
0.9616527283832493
0.9616527283832493
0.9616527283832493
0.9616527283832493
0.9616527283832493
0.9616527283832493
0.9616527283832493
0.9616527283832493
0.9616527283832493
0.9616527283832493
0.9616527283832493
0.9616527283832493
0.9616527283832493
0.9616527283832493
0.9616527283832493
0.9616527283832493
0.9616527283832493
0.9616527283832493
0.9616527283832493
0.9616527283832493
0.9616527283832493
0.9616527283832493
0.9616527283832493
0.9616527283832493
0.9616527283832493
0.9616527283832493
0.9616527283832493
0.9616527283832493
0.9616527283832493
0.9616527283832493
0.9616527283832493
0.9616527283832493
0.9616527283832493
0.9616527283832493
0.9616527283832493
0.9616527283832493
0.9616527283832493
0.9616527283832493
0.9616527283832493
0.9616527283832493
0.9616527283832493
0.9616527283832493
0.9616527283832493
0.9616527283832493
0.9616527283832493
0.9616527283832493
0.9616527283832493
0.9616527283832493
0.9616527283832493
0.9616527283832493
0.9616527283832493
0.9616527283832493
0.9616527283832493
0.9616527283832493
0.9616527283832493
0.9616527283832493
0.9616527283832493
0.9616527283832493
0.9616527283832493
0.9616527283832493
0.9616527283832493
0.9616527283832493
0.9616527283832493
0.9616527283832493
0.9616527283832493
0.9616527283832493
0.9616527283832493
0.9616527283832493
0.9616527283832493
0.9616527283832493
0.9616527283832493
0.9616527283832493
0.9616527283832493
0.9616527283832493
0.9616527283832493
0.9616527283832493
0.9616527283832493
0.9616527283832493
0.9616527283832493
0.9616527283832493
0.9616527283832493
0.9616527283832493
0.9616527283832493
0.9616527283832493
0.9616527283832493
0.9616527283832493
0.9616527283832493
0.9616527283832493
0.9616527283832493
0.9922848894994817
0.9988954313256128
0.9990826034756726
0.9990983532264576
0.9991011513147824
0.9991015394031018
0.999101661327724
0.9991000842094543
0.9616527283832493
0.9616527283832493
0.9616527283832493
0.9616527283832493
0.9616527283832493
0.9616527283832493
0.9616527283832493
0.9616527283832493
0.9616527283832493
0.9616527283832493
0.9616527283832493
0.9616527283832493
0.9616527283832493
0.9320052854361397
0.8359032095249215
0.5447771475372117
0.5198880876733161
0.4641287903199476
0.4641287903199476
0.9616527283998352
0.9616527283968238
0.9616527283832493
0.9616527283832493
0.9616527283845024
0.9616527283832493
0.9616527283845024
0.9616527283832493
0.9616527283832493
0.9616527283832493
0.972386002747907
0.9616527283832493
0.9932211306856408
0.9958816894413504
0.9951639700115181
0.9958816894413504
0.9616527283832493
0.9803603036017415
0.9752953404035195
0.9616527283832493
0.9616527283832493
0.9597322371132941
0.9597322371132941
0.9616527283832493
0.9616527283832493
0.9616527283832493
0.9616527283832493
0.9616527283832493
0.9616527283832493
0.9616527283832493
0.9616527283832493
0.9616527283832493
0.9616527283832493
0.9616527283832493
0.9616527283832493
0.9616527283832493
0.9616527283832493
0.9616527283832493
0.9616527283832493
0.9616527283832493
0.9616527283832493
0.9616527283832493
0.9616527283832493
0.9616527283832493
0.9616527283832493
0.9616527283832493
0.9616527283832493
0.9616527283832493
0.9616527283832493
0.9616527283832493
0.9616527283832493
0.9616527283832493
0.9616527283832493
0.9616527283832493
0.9616527283832493
0.9616527283832493
0.9616527283832493
0.9616527283832493
0.9752953404035195
0.9779586591899243
0.9616527283832493
0.9415135328522571
0.9388644271488824
0.9304072743862708
0.9333115037469333
0.9361305110884256
0.9415135328522571
0.9512724448160321
0.9535066059124826
0.9616527283832493
0.9616527283832493
0.9616527283832493
0.9616527283832493
0.9616527283832493
0.9616527283832493
0.9616527283832493
0.9616527283832493
0.9625112708583897
0.9616527283832493
0.9616527283832493
0.9616527283832493
0.9616527283832493
0.9616527283832493
0.9616527283832493
0.9616527283832493
0.9616527283832493
0.9616527283832493
0.9616527283832493
0.9616527283832493
0.9616527283832493
0.9616527283832493
0.9616527283832493
0.9616527283832493
0.9616527283832493
0.9616527283832493
0.9616527283832493
0.9616527283832493
0.9616527283832493
0.9616527283832493
0.9616527283832493
0.9616527283832493
0.9616527283832493
0.9616527283832493
0.9616527283832493
0.9616527283832493
0.9616527283832493
0.9616527283832493
0.9616527283832493
0.9616527283832493
0.9616527283832493
0.9062539361728077
0.9062539361728077
0.866005763153803
0.866005763153803
0.866005763153803
0.9062539361728077
0.9062539361728077
0.9062539361728077
0.9062539361728077
0.9383098239537391
0.9616527283832493
0.9616527283832493
0.9616527283832493
0.9616527283832493
0.9616527283832493
0.9616527283832493
0.9616527283832493
0.9616527283832493
0.9616527283832493
0.9616527283832493
0.9616527283832493
0.9616527283832493
0.9616527283832493
0.9983050176488686
0.9990889581626151
0.9990998507959893
0.99910115386847
0.99910115386847
0.9991011206839683
0.9989770444658779
0.9990211084926435
0.9990211084926435
0.9990211084926435
0.998977044465935
0.9616527284030859
0.9616527284003313
0.9616527284003313
0.96165272839766
0.9616527283901224
0.9616527283854702
0.9616527283832493
0.980412094441566
0.9884868492375934
0.9919275627127235
0.9803603036017415
0.9825192443496844
0.9638604717955431
0.9274178466521169
0.9835135725483535
0.9656176881183315
0.9304072743862708
0.9388644271488824
0.9512724448160321
0.957735280220054
0.957735280220054
0.9616527283832493
0.9616527283832493
0.9616527283832493
0.9616527283832493
0.9616527283832493
0.9616527283832493
0.9616527283832493
0.9616527283832493
0.9616527283832493
0.9616527283832493
0.9616527283832493
0.9616527283832493
0.9616527283832493
0.9616527283832493
0.9616527283832493
0.9616527283832493
0.9616527283832493
0.9616527283832493
0.9616527283832493
0.9616527283832493
0.9616527283832493
0.9616527283832493
0.9616527283832493
0.9616527283832493
0.9616527283832493
0.9616527283832493
0.9616527283832493
0.9616527283832493
0.9616527283832493
0.9616527283832493
0.9616527283832493
0.9616527283832493
0.9616527283832493
0.9616527283832493
0.9616527283832493
0.9616527283832493
0.9616527283832493
0.9616527283832493
0.9616527283832493
0.9616527283832493
0.9616527283832493
0.9616527283832493
0.9616527283832493
0.9616527283832493
0.9616527283832493
0.9616527283832493
0.9616527283832493
0.9616527283832493
0.9616527283832493
0.9616527283832493
0.9616527283832493
0.9616527283832493
0.9616527283832493
0.9616527283832493
0.9616527283832493
0.9616527283832493
0.9616527283832493
0.9616527283832493
0.9616527283832493
0.9616527283832493
0.9616527283832493
0.9616527283832493
0.9616527283832493
0.9616527283832493
0.9616527283832493
0.9616527283832493
0.9616527283832493
0.9616527283832493
0.9616527283832493
0.9616527283832493
0.9616527283832493
0.9616527283832493
0.9616527283832493
0.9616527283832493
0.9616527283832493
0.9616527283832493
0.9616527283832493
0.9616527283832493
0.9616527283832493
0.9616527283832493
0.9616527283832493
0.9616527283832493
0.9616527283832493
0.9616527283832493
0.9616527283832493
0.9616527283832493
0.9616527283832493
0.9616527283832493
0.9616527283832493
0.9616527283832493
0.9616527283832493
0.9616527283832493
0.9616527283832493
0.9616527283832493
0.9616527283832493
0.9616527283832493
0.9616527283832493
0.9989590759511032
0.9990889581626151
0.9990998507959893
0.99910115386847
0.9991017259346843
0.9991009948240428
0.999101058703703
0.999047626276347
0.999064162012987
0.999047626276347
0.9989770444659455
0.9985174118188315
0.9616527284088562
0.9616527284030859
0.96165272839766
0.961652728392558
0.9616527283877605
0.9383098239537391
0.8197069805279475
0.770550022994352
0.770550022994352
0.770550022994352
0.770550022994352
0.7218367624331183
0.7218367624331183
0.7218367624331183
0.7218367624331183
0.6352555384892121
0.5132032099909606
0.4520296325495403
0.49578944946400083
0.48246518973343966
0.9990984434321458
0.9616527283832493
0.9616527283832493
0.9616527283832493
0.9616527283832493
0.9616527283832493
0.9616527283832493
0.9616527283832493
0.9616527283832493
0.9616527283832493
0.9616527283832493
0.9616527283832493
0.9616527283832493
0.9616527283832493
0.9616527283832493
0.9616527283832493
0.9616527283832493
0.9616527283832493
0.9616527283832493
0.9616527283832493
0.9616527283832493
0.9616527283832493
0.9616527283832493
0.9616527283832493
0.9616527283832493
0.9616527283832493
0.9616527283832493
0.9616527283832493
0.9616527283832493
0.9616527283832493
0.9616527283832493
0.9616527283832493
0.9616527283832493
0.9616527283832493
0.9616527283832493
0.9616527283832493
0.9616527283832493
0.9616527283832493
0.9616527283832493
0.9616527283832493
0.9616527283832493
0.9616527283832493
0.9616527283832493
0.9616527283832493
0.9616527283832493
0.9616527283832493
0.9616527283832493
0.9616527283832493
0.9616527283832493
0.9616527283832493
0.9616527283832493
0.9616527283832493
0.9616527283832493
0.9616527283832493
0.9616527283832493
0.9616527283832493
0.9616527283832493
0.9616527283832493
0.9616527283832493
0.9616527283832493
0.9616527283832493
0.9616527283832493
0.9616527283832493
0.9616527283832493
0.9616527283832493
0.9616527283832493
0.9616527283832493
0.9616527283832493
0.9616527283832493
0.9616527283832493
0.9616527283832493
0.9616527283832493
0.9616527283832493
0.9616527283832493
0.9616527283832493
0.9616527283832493
0.9616527283832493
0.9616527283832493
0.9616527283832493
0.9616527283832493
0.9616527283832493
0.9616527283832493
0.9616527283832493
0.9616527283832493
0.9616527283832493
0.9616527283832493
0.9616527283832493
0.9616527283832493
0.9616527283832493
0.9616527283832493
0.9616527283832493
0.9616527283832493
0.9616527283832493
0.9616527283832493
0.9616527283832493
0.9616527283832493
0.9616527283832493
0.9616527283832493
0.9616527283832493
0.9616527283832493
0.9616527283832493
0.9616527283832493
0.9616527283832493
0.9616527283832493
0.9616527283832493
0.9616527283832493
0.9616527283832493
0.9616527283832493
0.9616527283832493
0.9616527283832493
0.9932728409947644
0.9932728409947644
0.9616527283832493
0.9867571423096186
0.9954909389575368
0.9971664569535669
0.9980512077753116
0.9971664569535669
0.9923721921357236
0.9616527283832493
0.9616527283832493
0.9616527283854702
0.9616527283854702
0.9616527283854702
0.9616527283832493
0.9616527283832493
0.9616527283832493
0.9616527283832493
0.9616527283832493
0.976705937152185
0.9570803834448245
0.8697868647662993
0.7411301199461542
0.584885545328378
0.44277394748576454
0.4371561155072597
0.43569230151973615
0.4351629657021986
0.4351629657021986
0.4351629657021986
0.4351629657021986
0.4690771831112178
0.9644019780854857
0.9632442260228569
0.9616527284248966
0.9616527284047924
0.9616527283939825
0.9616527283884273
0.9616527283838394
0.9616527283832493
0.9616527283832493
0.9616527283832493
0.9616527283832493
0.9616527283832493
0.9616527283832493
0.9616527283832493
0.9616527283832493
0.9616527283832493
0.9616527283832493
0.9616527283832493
0.9616527283832493
0.9616527283832493
0.9616527283832493
0.9616527283832493
0.9616527283832493
0.9616527283832493
0.9616527283832493
0.9616527283832493
0.9616527283832493
0.9616527283832493
0.9616527283832493
0.9616527283832493
0.9616527283832493
0.9616527283832493
0.9616527283832493
0.9616527283832493
0.9616527283832493
0.9616527283832493
0.9616527283832493
0.9616527283832493
0.9616527283832493
0.9616527283832493
0.9616527283832493
0.9616527283832493
0.9616527283832493
0.9616527283832493
0.9616527283832493
0.9616527283832493
0.9616527283832493
0.9616527283832493
0.9616527283832493
0.9616527283832493
0.9616527283832493
0.9616527283832493
0.9616527283832493
0.9616527283832493
0.9616527283832493
0.9616527283832493
0.9616527283832493
0.9616527283832493
0.9616527283832493
0.9616527283832493
0.9616527283832493
0.9616527283832493
0.9616527283832493
0.9616527283832493
0.9616527283832493
0.9616527283832493
0.9616527283832493
0.9616527283832493
0.9616527283832493
0.9616527283832493
0.9616527283832493
0.9616527283832493
0.9616527283832493
0.9616527283832493
0.9616527283832493
0.9616527283832493
0.9616527283832493
0.9616527283832493
0.9616527283832493
0.9616527283832493
0.9616527283832493
0.9616527283832493
0.9616527283832493
0.9616527283832493
0.9616527283832493
0.9616527283832493
0.9616527283832493
0.9616527283832493
0.9616527283832493
0.9616527283832493
0.9616527283832493
0.9616527283832493
0.9616527283832493
0.9616527283832493
0.9616527283832493
0.9616527283832493
0.9616527283832493
0.9616527283832493
0.9616527283832493
0.9616527283832493
0.9616527283832493
0.9616527283832493
0.9616527283832493
0.9616527283832493
0.9616527283832493
0.9616527283832493
0.9616527283832493
0.9616527283832493
0.9616527283832493
0.9616527283832493
0.9616527283832493
0.9616527283832493
0.9616527283832493
0.9616527283832493
0.9616527283832493
0.9616527283832493
0.9616527283832493
0.9616527283832493
0.9616527283832493
0.9616527283832493
0.9616527283832493
0.9616527283832493
0.9616527283832493
0.9616527283832493
0.9616527283832493
0.9616527283832493
0.9616527283832493
0.9616527283832493
0.9616527283832493
0.9616527283832493
0.9616527283832493
0.9616527283832493
0.9616527283832493
0.9616527283832493
0.9616527283832493
0.9616527283832493
0.9616527283832493
0.9616527283832493
0.9616527283832493
0.9616527283832493
0.9616527283832493
0.9616527283832493
0.9616527283832493
0.9616527283832493
0.9616527283832493
0.9616527283832493
0.9616527283832493
0.9616527283832493
0.9616527283832493
0.9616527283832493
0.9616527283832493
0.9616527283832493
0.9616527283832493
0.9636430085595968
0.9636430085595968
0.9673686707269847
0.9616527283832493
0.9673686707269847
0.9636430085595968
0.9616527283832493
0.9616527283832493
0.9616527283832493
0.9616527283832493
0.9616527283832493
0.9616527283832493
0.9616527283832493
0.9616527283832493
0.9616527283832493
0.9616527283832493
0.9616527283832493
0.9616527283832493
0.9616527283832493
0.9616527283832493
0.9616527283832493
0.9616527283832493
0.9616527283832493
0.9616527283832493
0.9616527283832493
0.9616527283832493
0.9616527283832493
0.9616527283832493
0.9616527283832493
0.9616527283832493
0.9616527283832493
0.9616527283832493
0.9616527283832493
0.9616527283832493
0.9616527283832493
0.9616527283832493
0.9616527283832493
0.9616527283832493
0.9616527283832493
0.9616527283832493
0.9616527283832493
0.9616527283832493
0.9616527283832493
0.8952142273237983
0.790952998080523
0.6813875227069505
0.6813875227069505
0.9990964953613084
0.9990940267649128
0.9990972252572827
0.9616527283832493
0.9616527283832493
0.9616527283832493
0.9616527283832493
0.9616527283832493
0.9616527283832493
0.9616527283832493
0.9616527283832493
0.9616527283832493
0.9616527283832493
0.9616527283832493
0.9616527283832493
0.9616527283832493
0.9616527283832493
0.9616527283832493
0.9616527283832493
0.9616527283832493
0.9616527283832493
0.9616527283832493
0.9616527283832493
0.9616527283832493
0.9616527283832493
0.9616527283832493
0.9616527283832493
0.9616527283832493
0.9616527283832493
0.9616527283832493
0.9211116439813302
0.8663542613077428
0.7932495293490365
0.789064066413606
0.8644853398497613
0.865409952824968
0.9251736233328189
0.9640194457553064
0.9640194457553064
0.9640194457553064
0.9640194457559487
0.9636335336694584
0.963633533668825
0.963633533668825
0.9636335336694584
0.9636335336694584
0.9632442259503421
0.9632442259503421
0.9632442259503421
0.9628515069634992
0.9624553612275465
0.9624553612275465
0.9620557734206568
0.9620557734206568
0.9616527283832493
0.9616527283832493
0.9616527283832493
0.9616527283832493
0.9616527283832493
0.9616527283832493
0.9616527283832493
0.9616527283832493
0.9616527283832493
0.9616527283832493
0.9616527283832493
0.9616527283832493
0.9616527283832493
0.9616527283832493
0.9616527283832493
0.9616527283832493
0.9616527283832493
0.9616527283832493
0.9616527283832493
0.9616527283832493
0.9616527283832493
0.6153105467403022
0.9616527283832493
0.9616527283832493
0.472389301947845
0.9695481151726764
0.9702562718312984
0.9868941774704583
0.9729764204576422
0.9966779504798099
0.9971721450479251
0.9835135725585908
0.9844542227251579
0.9844542227251579
0.9243434021484571
0.9766608971532209
0.9616527283832493
0.9616527283832493
0.957735280220054
0.9616527283832493
0.9616527283832493
0.9616527283832493
0.9616527283832493
0.9616527283832493
0.9616527283832493
0.9616527283832493
0.9616527283832493
0.9616527283832493
0.9616527283832493
0.9616527283832493
0.9616527283832493
0.9616527283832493
0.9616527283832493
0.9616527283832493
0.9616527283832493
0.9616527283832493
0.9616527283832493
0.9616527283832493
0.9616527283832493
0.9616527283832493
0.9616527283832493
0.9616527283832493
0.9616527283832493
0.9616527283832493
0.9616527283832493
0.9616527283832493
0.9616527283832493
0.9616527283832493
0.9616527283832493
0.9616527283832493
0.9616527283832493
0.9616527283832493
0.9616527283832493
0.9616527283832493
0.9616527283832493
0.9616527283832493
0.9616527283832493
0.9616527283832493
0.9616527283832493
0.9616527283832493
0.9616527283832493
0.9616527283832493
0.9616527283832493
0.9616527283832493
0.9616527283832493
0.9616527283832493
0.9616527283832493
0.9616527283832493
0.9616527283832493
0.9616527283832493
0.9616527283832493
0.9616527283832493
0.9616527283832493
0.9616527283832493
0.9616527283832493
0.9616527283832493
0.9616527283832493
0.9616527283832493
0.9616527283832493
0.9616527283832493
0.9616527283832493
0.9616527283832493
0.9616527283832493
0.9616527283832493
0.9616527283832493
0.9616527283832493
0.9616527283832493
0.9616527283832493
0.9616527283832493
0.9616527283832493
0.9616527283832493
0.9616527283832493
0.9616527283832493
0.9616527283832493
0.9616527283832493
0.9616527283832493
0.9616527283832493
0.9616527283832493
0.9616527283832493
0.9616527283832493
0.9616527283832493
0.9616527283832493
0.9616527283832493
0.9616527283832493
0.9616527283832493
0.9616527283832493
0.9616527283832493
0.9616527283832493
0.9616527283832493
0.9616527283832493
0.9616527283832493
0.9616527283832493
0.9616527283832493
0.9616527283832493
0.9616527283832493
0.9616527283832493
0.9616527283832493
0.9616527283832493
0.9616527283832493
0.9616527283832493
0.9616527283832493
0.9616527283832493
0.9616527283832493
0.9616527283832493
0.9616527283832493
0.9835691065830494
0.9884868492375934
0.9919275627127235
0.9951639700115181
0.9951639700115181
0.9932211306856408
0.9951639700115181
0.9616527283832493
0.9779586591899243
0.9779586591899243
0.9616527283832493
0.9512724448160321
0.9535066059124826
0.9616527283832493
0.9616527283832493
0.9616527283832493
0.9616527283832493
0.9616527283832493
0.9616527283832493
0.9616527283832493
0.9616527283832493
0.9616527283832493
0.9616527283832493
0.9616527283832493
0.9616527283832493
0.9616527283832493
0.9616527283832493
0.9616527283832493
0.9616527283832493
0.9616527283832493
0.9616527283832493
0.9616527283832493
0.9616527283832493
0.9616527283832493
0.9616527283832493
0.9616527283832493
0.9616527283832493
0.9616527283832493
0.9616527283832493
0.9616527283832493
0.9616527283832493
0.9616527283832493
0.9616527283832493
0.9616527283832493
0.9616527283832493
0.9616527283832493
0.9616527283832493
0.9616527283832493
0.9616527283832493
0.9616527283832493
0.9616527283832493
0.9616527283832493
0.9616527283832493
0.9616527283832493
0.9616527283832493
0.9616527283832493
0.9616527283832493
0.9616527283832493
0.9616527283832493
0.9616527283832493
0.9616527283832493
0.9616527283832493
0.9616527283832493
0.9616527283832493
0.9616527283832493
0.9616527283832493
0.9616527283832493
0.9616527283832493
0.9616527283832493
0.9616527283832493
0.9616527283832493
0.9616527283832493
0.9616527283832493
0.9616527283832493
0.9616527283832493
0.9616527283832493
0.9616527283832493
0.9616527283832493
0.9616527283832493
0.9616527283832493
0.9616527283832493
0.9616527283832493
0.9616527283832493
0.9616527283832493
0.9616527283832493
0.9616527283832493
0.9616527283832493
0.9616527283832493
0.9616527283832493
0.9616527283832493
0.9616527283832493
0.9616527283832493
0.9616527283832493
0.9616527283832493
0.9616527283832493
0.9616527283832493
0.9616527283832493
0.9616527283832493
0.9616527283832493
0.9616527283832493
0.9616527283832493
0.9616527283832493
0.9616527283832493
0.9211116439813302
0.8598226068806467
0.7086594811781504
0.6435424668726104
0.645207979743587
0.6468830351677308
0.7921846744136547
0.9258369126927254
0.9644019780004289
0.9640194457572495
0.9640194457572495
0.9640194457565965
0.9640194457565965
0.9636335336700971
0.9636335336700971
0.9632442259515964
0.9632442259509667
0.9628515069634992
0.9628515069634992
0.9624553612275465
0.9620557734206568
0.9616527283832493
0.9616527283832493
0.9616527283832493
0.9616527283832493
0.9616527283832493
0.9616527283832493
0.9616527283832493
0.9616527283832493
0.9616527283832493
0.9616527283832493
0.9616527283832493
0.9616527283832493
0.9616527283832493
0.9341541642271793
0.8952142273237983
0.790952998080523
0.6813875227069505
0.6341713847478615
0.5940265501801498
0.5341055330011718
0.9990958239416583
0.9990972252572827
0.9616527283832493
0.9616527283832493
0.9616527283832493
0.9616527283832493
0.9616527283832493
0.9616527283832493
0.9616527283832493
0.9616527283832493
0.9616527283832493
0.9616527283832493
0.9616527283832493
0.9616527283832493
0.9616527283832493
0.9616527283832493
0.9616527283832493
0.9616527283832493
0.9616527283832493
0.9616527283832493
0.9616527283832493
0.9616527283832493
0.9616527283832493
0.9616527283832493
0.9616527283832493
0.9616527283832493
0.9616527283832493
0.9616527283832493
0.9616527283832493
0.9616527283832493
0.9616527283832493
0.9616527283832493
0.9616527283832493
0.9616527283832493
0.9616527283832493
0.9616527283832493
0.9616527283832493
0.9616527283832493
0.9616527283832493
0.9616527283832493
0.9616527283832493
0.9616527283832493
0.9616527283832493
0.9616527283832493
0.9616527283832493
0.9616527283832493
0.9616527283832493
0.9616527283832493
0.9616527283832493
0.9616527283832493
0.9616527283832493
0.9616527283832493
0.9616527283832493
0.9616527283832493
0.9616527283832493
0.9616527283832493
0.9616527283832493
0.9616527283832493
0.9616527283832493
0.9616527283832493
0.9616527283832493
0.9616527283832493
0.9616527283832493
0.9616527283832493
0.9616527283832493
0.9616527283832493
0.9616527283832493
0.9616527283832493
0.9616527283832493
0.9616527283832493
0.9616527283832493
0.9616527283832493
0.9616527283832493
0.9616527283832493
0.9616527283832493
0.9616527283832493
0.9616527283832493
0.9616527283832493
0.9616527283832493
0.9616527283832493
0.9616527283832493
0.9616527283832493
0.9616527283832493
0.9616527283832493
0.9616527283832493
0.9616527283832493
0.9616527283832493
0.9616527283832493
0.9616527283832493
0.9616527283832493
0.9616527283832493
0.9616527283832493
0.9616527283832493
0.9616527283832493
0.9616527283832493
0.9616527283832493
0.9616527283832493
0.9616527283832493
0.9616527283832493
0.9616527283832493
0.9616527283832493
0.9616527283832493
0.9616527283832493
0.9616527283832493
0.9616527283832493
0.9616527283832493
0.9616527283832493
0.9616527283832493
0.9616527283832493
0.9616527283832493
0.9616527283832493
0.9616527283832493
0.9616527283832493
0.9616527283832493
0.9616527283832493
0.9616527283832493
0.9616527283832493
0.9616527283832493
0.9616527283832493
0.9616527283832493
0.9616527283832493
0.9616527283832493
0.9616527283832493
0.9616527283832493
0.9616527283832493
0.9616527283832493
0.9616527283832493
0.9616527283832493
0.9616527283832493
0.9616527283832493
0.9342687221225268
0.9616527283832493
0.9616527283832493
0.9616527283832493
0.9616527283832493
0.9616527283832493
0.9616527283832493
0.9616527283832493
0.9688256601722749
0.9680887362434903
0.9616527283832493
0.9616527283870756
0.9616527283845024
0.9616527283832493
0.9616527283832493
0.9616527283832493
0.9616527283832493
0.9616527283832493
0.9616527283832493
0.9616527283832493
0.9616527283832493
0.9616527283832493
0.9616527283832493
0.9616527283832493
0.9616527283832493
0.9616527283832493
0.9616527283832493
0.9616527283832493
0.9616527283832493
0.9616527283832493
0.9616527283832493
0.9616527283832493
0.9616527283832493
0.9616527283832493
0.9616527283832493
0.9616527283832493
0.9616527283832493
0.9616527283832493
0.8359032095249215
0.7170372616395282
0.9616527283832493
0.7355140654480449
0.7355140654480449
0.9211116439813302
0.7848990605248345
0.7086594811781504
0.6573770935549186
0.6611198017909151
0.6468830351677308
0.792184674494413
0.9258369127966951
0.9644019780356524
0.964019445773043
0.9640194457572495
0.9640194457565965
0.9640194457565965
0.9636335336700971
0.9636335336700971
0.9632442259515964
0.9632442259509667
0.9628515069634992
0.9624553612275465
0.9624553612275465
0.9620557734206568
0.9616527283832493
0.9616527283832493
0.9616527283832493
0.9616527283832493
0.9616527283832493
0.9616527283832493
0.9616527283832493
0.9616527283832493
0.9616527283832493
0.9616527283832493
0.9616527283832493
0.9616527283832493
0.9616527283832493
0.9616527283832493
0.9341541642271793
0.8952142273237983
0.790952998080523
0.7345652784149758
0.6341713847478615
0.5940265501801498
0.9990884732172391
0.9990940267649128
0.47201442373298735
0.9616527283832493
0.9616527283832493
0.9616527283832493
0.9616527283832493
0.9616527283832493
0.9616527283832493
0.9616527283832493
0.9616527283832493
0.9616527283832493
0.9616527283832493
0.9616527283832493
0.9616527283832493
0.9616527283832493
0.9616527283832493
0.9616527283832493
0.9616527283832493
0.9616527283832493
0.9616527283832493
0.9616527283832493
0.9616527283832493
0.9616527283832493
0.9616527283832493
0.9616527283832493
0.9616527283832493
0.9616527283832493
0.9616527283832493
0.9616527283832493
0.9616527283832493
0.9616527283832493
0.9616527283832493
0.9616527283832493
0.9616527283832493
0.9616527283832493
0.9616527283832493
0.9616527283832493
0.9616527283832493
0.9616527283832493
0.9616527283832493
0.9616527283832493
0.9616527283832493
0.9616527283832493
0.9616527283832493
0.9616527283832493
0.9616527283832493
0.9616527283832493
0.9616527283832493
0.9616527283832493
0.9616527283832493
0.9616527283832493
0.9616527283832493
0.9616527283832493
0.9616527283832493
0.9616527283832493
0.9616527283832493
0.9616527283832493
0.9616527283832493
0.9616527283832493
0.9616527283832493
0.9616527283832493
0.9616527283832493
0.9616527283832493
0.9616527283832493
0.9616527283832493
0.9616527283832493
0.9616527283832493
0.9616527283832493
0.9616527283832493
0.9616527283832493
0.9616527283832493
0.9616527283832493
0.9616527283832493
0.9616527283832493
0.9616527283832493
0.9616527283832493
0.9616527283832493
0.9616527283832493
0.9616527283832493
0.9616527283832493
0.9616527283832493
0.9616527283832493
0.9616527283832493
0.5004272896225388
0.9616527283832493
0.9616527283832493
0.9616527283832493
0.9616527283832493
0.9722966845879568
0.9616527283832493
0.9616527283832493
0.9616527283832493
0.9616527283832493
0.9616527283832493
0.9616527283953571
0.9616527283953571
0.9616527283832493
0.9616527284083699
0.961652728392396
0.9616527283832493
0.9616527283832493
0.9616527283832493
0.9616527283832493
0.9616527283832493
0.9616527283832493
0.9616527283832493
0.9616527283832493
0.9616527283832493
0.9616527283832493
0.9616527283832493
0.9616527283832493
0.9616527283832493
0.9616527283832493
0.9616527283832493
0.9616527283832493
0.9616527283832493
0.9616527283832493
0.9616527283832493
0.9616527283832493
0.9616527283832493
0.9616527283832493
0.9616527283832493
0.9616527283832493
0.9616527283832493
0.9616527283832493
0.9616527283832493
0.9616527283832493
0.9616527283832493
0.9616527283832493
0.9616527283832493
0.9616527283832493
0.9616527283832493
0.9616527283832493
0.9616527283832493
0.9616527283832493
0.9616527283832493
0.9616527283832493
0.9616527283832493
0.9616527283832493
0.9616527283832493
0.9616527283832493
0.9616527283832493
0.9616527283832493
0.9616527283832493
0.9616527283832493
0.9616527283832493
0.9616527283832493
0.9616527283832493
0.9616527283832493
0.9616527283832493
0.9616527283832493
0.9616527283832493
0.9616527283832493
0.9616527283832493
0.9616527283832493
0.9616527283832493
0.9616527283832493
0.9616527283832493
0.9341541642271793
0.8461768206215426
0.7345652784149758
0.6813875227069505
0.5810183681280191
0.9990958702889321
0.9990709404625774
0.9990374745661735
0.4936485871586282
0.5480191613225736
0.5916132492940338
0.6485676179536458
0.9264962760942971
0.9647811463393473
0.9644019780017702
0.9011401226671564
0.8525088082024099
0.9636335336713903
0.9977204753607151
0.5960478815278041
0.9990998784833968
0.9990980258677329
0.9990984434321458
0.9616527283832493
0.9616527283845024
0.9616527283845024
0.9616527283832493
0.9616527283832493
0.9616527283832493
0.9616527283832493
0.9616527283832493
0.9616527283832493
0.9616527283832493
0.9616527283832493
0.9616527283832493
0.9616527283832493
0.9616527283832493
0.9616527283832493
0.9616527283832493
0.9616527283832493
0.9616527283832493
0.9616527283832493
0.9616527283832493
0.9616527283832493
0.9616527283832493
0.9616527283832493
0.9616527283832493
0.9616527283832493
0.9616527283832493
0.9616527283832493
0.9616527283832493
0.9616527283832493
0.9616527283832493
0.9616527283832493
0.9616527283832493
0.9616527283832493
0.9616527283832493
0.9616527283832493
0.9616527283832493
0.9616527283832493
0.9616527283832493
0.9616527283832493
0.9616527283832493
0.7917310412941415
0.9616527283832493
0.9695481151726764
0.9680887362434903
0.9616527283832493
0.9616527283832493
0.9616527283832493
0.9616527283832493
0.9616527283832493
0.9616527283832493
0.9616527283832493
0.9616527283832493
0.9616527283832493
0.9616527283832493
0.9616527283832493
0.9616527283832493
0.9616527283832493
0.9616527283832493
0.9616527283832493
0.9616527283832493
0.9616527283832493
0.9616527283832493
0.9616527283832493
0.9616527283832493
0.9616527283832493
0.9616527283832493
0.9616527283832493
0.9616527283832493
0.9616527283832493
0.9616527283832493
0.9616527283832493
0.9616527283832493
0.9616527283832493
0.9616527283832493
0.9616527283832493
0.9616527283832493
0.9616527283832493
0.9616527283832493
0.9616527283832493
0.9616527283832493
0.9616527283832493
0.9616527283832493
0.9616527283832493
0.9616527283832493
0.9616527283832493
0.9616527283832493
0.9616527283832493
0.9616527283832493
0.9616527283832493
0.9616527283832493
0.9616527283832493
0.9616527283832493
0.9616527283832493
0.9616527283832493
0.9616527283832493
0.9616527283832493
0.9616527283832493
0.9616527283832493
0.9616527283832493
0.9616527283832493
0.9616527283832493
0.9616527283832493
0.9616527283832493
0.9616527283832493
0.9383098239537391
0.866005763153803
0.8197069805279475
0.8197069805279475
0.8197069805279475
0.770550022994352
0.770550022994352
0.770550022994352
0.7218367624331183
0.7218367624331183
0.7218367624331183
0.7218367624331183
0.6761967593699035
0.6761967593699035
0.4445100024829825
0.5341055330011718
0.4398421113198467
0.48887630965026885
0.9616527283953571
0.9616527283897401
0.9616527283857779
0.9616527283832493
0.9980248316075572
0.9990468198078443
0.9991018745299838
0.9991014344633989
0.999100967327302
0.9991005511502499
0.9616527283832493
0.9616527283832493
0.9616527283832493
0.9616527283832493
0.9616527283832493
0.9616527283832493
0.9616527283832493
0.9616527283832493
0.9616527283832493
0.9616527283832493
0.9616527283832493
0.9616527283832493
0.9616527283832493
0.9616527283832493
0.9616527283832493
0.9616527283832493
0.9616527283832493
0.9616527283832493
0.9616527283832493
0.9616527283832493
0.9616527283832493
0.9616527283832493
0.9616527283832493
0.9616527283832493
0.9616527283832493
0.9616527283832493
0.9616527283832493
0.9616527283832493
0.9616527283832493
0.9616527283832493
0.9616527283832493
0.9616527283832493
0.9616527283832493
0.9616527283832493
0.9616527283832493
0.9616527283832493
0.9616527283832493
0.9616527283832493
0.9616527283832493
0.9616527283832493
0.9616527283832493
0.9616527283832493
0.9616527283832493
0.9616527283832493
0.9616527283832493
0.9616527283832493
0.9616527283832493
0.9616527283832493
0.9616527283832493
0.9616527283832493
0.9616527283832493
0.9616527283832493
0.9616527283832493
0.9616527283832493
0.9616527283832493
0.9616527283832493
0.9616527283832493
0.9616527283832493
0.9616527283832493
0.9616527283832493
0.9616527283832493
0.9616527283832493
0.9616527283832493
0.9616527283832493
0.9616527283832493
0.9616527283832493
0.9616527283832493
0.9616527283832493
0.9616527283832493
0.9616527283832493
0.9616527283832493
0.9616527283832493
0.9616527283832493
0.9616527283832493
0.9616527283832493
0.9616527283832493
0.9616527283832493
0.9616527283832493
0.9616527283832493
0.9616527283832493
0.9616527283832493
0.9616527283832493
0.9616527283832493
0.9616527283832493
0.9616527283832493
0.9616527283832493
0.9616527283832493
0.9616527283832493
0.9616527283832493
0.9616527283832493
0.9616527283832493
0.9616527283832493
0.9616527283832493
0.999064371190276
0.9990968060857742
0.99910115386847
0.9991017259346843
0.9991019641645713
0.9991009104158063
0.9991004745383198
0.9991004031032945
0.9990748222150531
0.9990641620130172
0.9990211084927215
0.9987658343689578
0.9616527284118772
0.9616527284059266
0.9616527284003313
0.9616527283950698
0.9616527283832493
0.9616527283832493
0.9616527283832493
0.9616527283832493
0.9616527283832493
0.9616527283832493
0.9616527283832493
0.9616527283832493
0.9616527283832493
0.9616527283832493
0.9616527283832493
0.9616527283832493
0.9616527283832493
0.9616527283832493
0.9616527283832493
0.9616527283832493
0.9616527283832493
0.9616527283832493
0.9616527283832493
0.9616527283832493
0.9616527283832493
0.9616527283832493
0.9616527283832493
0.9616527283832493
0.9616527283832493
0.9616527283832493
0.9616527283832493
0.9616527283832493
0.9616527283832493
0.9616527283832493
0.9616527283832493
0.9616527283832493
0.9616527283832493
0.9616527283832493
0.9616527283832493
0.9616527283832493
0.9616527283832493
0.9616527283832493
0.9616527283832493
0.9616527283832493
0.9616527283832493
0.9616527283832493
0.9616527283832493
0.9616527283832493
0.9616527283832493
0.9616527283832493
0.9616527283832493
0.9616527283832493
0.9616527283832493
0.9616527283832493
0.9616527283832493
0.9616527283832493
0.9616527283832493
0.9616527283832493
0.9616527283832493
0.9616527283832493
0.9616527283832493
0.9616527283832493
0.9616527283832493
0.9616527283832493
0.9616527283832493
0.9616527283832493
0.9616527283832493
0.9616527283832493
0.9616527283832493
0.9616527283832493
0.9616527283832493
0.9616527283832493
0.9616527283832493
0.9616527283832493
0.9616527283832493
0.9616527283832493
0.9616527283832493
0.9616527283832493
0.9616527283832493
0.9616527283832493
0.9616527283832493
0.9616527283832493
0.9616527283832493
0.9616527283832493
0.9616527283832493
0.9616527283832493
0.9616527283832493
0.9616527283832493
0.9616527283832493
0.9616527283832493
0.9616527283832493
0.9616527283832493
0.9616527283832493
0.9616527283832493
0.9616527283832493
0.9616527283832493
0.9616527283832493
0.9616527283832493
0.9616527283832493
0.9616527283832493
0.9616527283832493
0.9616527283832493
0.9616527283832493
0.9616527283832493
0.9616527283832493
0.9616527283832493
0.9616527283832493
0.9616527283832493
0.9616527283832493
0.9616527283832493
0.9616527283832493
0.9616527283832493
0.9616527283832493
0.9616527283832493
0.9616527283832493
0.9616527283832493
0.9616527283832493
0.9616527283832493
0.9616527283832493
0.9616527283832493
0.9616527283832493
0.9616527283832493
0.9616527283832493
0.9616527283832493
0.9616527283832493
0.9616527283832493
0.9616527283832493
0.9616527283832493
0.9616527283832493
0.9616527283832493
0.9616527283832493
0.9616527283832493
0.9616527283832493
0.9616527283832493
0.9616527283832493
0.9616527283832493
0.9616527283832493
0.9616527283832493
0.9616527283832493
0.9616527283832493
0.9616527283832493
0.9616527283832493
0.9616527283832493
0.9616527283832493
0.9616527283832493
0.9616527283832493
0.9616527283832493
0.9616527283832493
0.9616527283832493
0.9616527283832493
0.9616527283832493
0.9616527283832493
0.9616527283832493
0.9616527283832493
0.9616527283832493
0.9616527283832493
0.9616527283832493
0.9616527283832493
0.9616527283832493
0.9616527283832493
0.9616527283832493
0.9616527283832493
0.9616527283832493
0.9616527283832493
0.9616527283832493
0.9616527283832493
0.9616527283832493
0.9616527283832493
0.9616527283832493
0.9616527283832493
0.9616527283832493
0.9616527283832493
0.9616527283832493
0.9616527283832493
0.9616527283832493
0.9616527283832493
0.9616527283832493
0.9616527283832493
0.9616527283832493
0.9616527283832493
0.9616527283832493
0.9616527283832493
0.9616527283832493
0.9616527283832493
0.9616527283832493
0.9616527283832493
0.9616527283832493
0.9616527283832493
0.9616527283832493
0.9616527283832493
0.9616527283832493
0.9616527283832493
0.9616527283832493
0.9616527283832493
0.9616527283832493
0.9616527283832493
0.9616527283832493
0.9616527283832493
0.9616527283832493
0.9616527283832493
0.9616527283832493
0.9616527283832493
0.9616527283832493
0.9616527283832493
0.9616527283832493
0.9616527283832493
0.9616527283832493
0.9616527283832493
0.9616527283832493
0.9616527283832493
0.9616527283832493
0.9616527283832493
0.9616527283832493
0.9616527283832493
0.9616527283832493
0.9616527283832493
0.9616527283832493
0.9616527283832493
0.9922848894994817
0.9980248316075572
0.9990826034756726
0.9990886005048687
0.9990751133306873
0.9990859807701917
0.999098370627814
0.9616527283832493
0.9616527283832493
0.9616527283832493
0.9616527283832493
0.9616527283832493
0.9616527283832493
0.9616527283832493
0.9616527283832493
0.9616527283832493
0.9616527283832493
0.9616527283832493
0.9616527283832493
0.9616527283832493
0.9616527283832493
0.9616527283832493
0.9616527283832493
0.9616527283832493
0.9616527283832493
0.9616527283832493
0.9616527283832493
0.9616527283832493
0.9616527283832493
0.9616527283832493
0.9616527283832493
0.9616527283832493
0.9616527283832493
0.9616527283832493
0.9616527283832493
0.9616527283832493
0.9616527283832493
0.9616527283832493
0.9616527283832493
0.9616527283832493
0.9616527283832493
0.9616527283832493
0.9616527283832493
0.9616527283832493
0.9616527283832493
0.9616527283832493
0.9616527283832493
0.9616527283832493
0.9616527283832493
0.9616527283832493
0.9616527283832493
0.9616527283832493
0.9616527283832493
0.9616527283832493
0.9616527283832493
0.9616527283832493
0.9616527283832493
0.9616527283832493
0.9616527283832493
0.9616527283832493
0.9616527283832493
0.9616527283832493
0.9616527283832493
0.9616527283832493
0.9616527283832493
0.9616527283832493
0.9616527283832493
0.9616527283832493
0.9616527283832493
0.9616527283832493
0.9616527283832493
0.9616527283832493
0.9616527283832493
0.9616527283832493
0.9616527283832493
0.9616527283832493
0.9616527283832493
0.9616527283832493
0.9616527283832493
0.9616527283832493
0.9616527283832493
0.9616527283832493
0.9616527283832493
0.9616527283832493
0.9616527283832493
0.9616527283832493
0.9616527283832493
0.9616527283832493
0.9616527283832493
0.9616527283832493
0.9616527283832493
0.9616527283832493
0.9616527283832493
0.9616527283832493
0.9616527283832493
0.9616527283832493
0.9616527283832493
0.9616527283832493
0.9616527283832493
0.9616527283832493
0.9616527283832493
0.9616527283832493
0.9616527283832493
0.9616527283832493
0.9616527283832493
0.9616527283832493
0.9616527283832493
0.9616527283832493
0.9616527283832493
0.9616527283832493
0.9616527283832493
0.9616527283832493
0.9616527283832493
0.9616527283832493
0.9616527283832493
0.9616527283832493
0.9616527283832493
0.9616527283832493
0.9616527283832493
0.9616527283832493
0.9616527283832493
0.9616527283832493
0.9616527283832493
0.9616527283832493
0.9616527283832493
0.9616527283832493
0.9616527283832493
0.9616527283832493
0.9616527283832493
0.9616527283832493
0.9616527283832493
0.9616527283832493
0.9616527283832493
0.9616527283832493
0.9616527283832493
0.9616527283832493
0.9616527283832493
0.9616527283832493
0.9616527283832493
0.9616527283832493
0.9616527283832493
0.9616527283832493
0.9616527283832493
0.9616527283832493
0.9616527283832493
0.9616527283832493
0.9616527283832493
0.9616527283832493
0.9616527283832493
0.9616527283832493
0.9616527283832493
0.9616527283832493
0.9616527283832493
0.9616527283832493
0.9616527283832493
0.9616527283832493
0.9616527283832493
0.9616527283832493
0.9616527283832493
0.9616527283832493
0.9616527283832493
0.9616527283832493
0.9616527283832493
0.9616527283832493
0.9616527283832493
0.9616527283832493
0.9616527283832493
0.9616527283832493
0.9616527283832493
0.9616527283832493
0.9616527283832493
0.9616527283832493
0.9616527283832493
0.9616527283832493
0.9616527283832493
0.9616527283832493
0.9616527283832493
0.9616527283832493
0.9616527283832493
0.9616527283832493
0.9616527283832493
0.9616527283832493
0.9616527283832493
0.9616527283832493
0.9616527283832493
0.9616527283832493
0.9616527283832493
0.9616527283832493
0.9616527283832493
0.9616527283832493
0.9616527283832493
0.9616527283832493
0.9616527283832493
0.9616527283832493
0.9616527283832493
0.9616527283832493
0.9616527283832493
0.9616527283832493
0.9616527283832493
0.9616527283832493
0.9616527283832493
0.9616527283832493
0.9616527283832493
0.9616527283832493
0.9616527283832493
0.9616527283832493
0.9341541642271793
0.8461768206215426
0.7345652784149758
0.7345652784149758
0.9984419170189738
0.9987850508851034
0.999041389151495
0.9990830309033865
0.9616527283832493
0.9616527283832493
0.9791910023935527
0.9919275627127235
0.9616527283832493
0.9616527283832493
0.9791910023935527
0.9791910023935527
0.9803603036017415
0.9616527283832493
0.9616527283832493
0.9951639700115181
0.9942877063550383
0.9942877063550383
0.9951639700115181
0.9616527283832493
0.9951639700115181
0.9932211306856408
0.9932211306856408
0.9616527283832493
0.9932211306856408
0.9932211306856408
0.9932211306856408
0.9932211306856408
0.9919275627127235
0.9616527283832493
0.9616527283832493
0.9616527283832493
0.9884868492375934
0.9616527283832493
0.9616527283832493
0.986240445387714
0.9616527283832493
0.9616527283832493
0.9616527283832493
0.9616527283832493
0.9616527283832493
0.9616527283832493
0.9616527283832493
0.9616527283832493
0.9616527283832493
0.9616527283832493
0.9616527283832493
0.9616527283832493
0.9616527283832493
0.9616527283832493
0.9616527283832493
0.9616527283832493
0.9616527283832493
0.9616527283832493
0.9616527283832493
0.9616527283832493
0.9616527283832493
0.9616527283832493
0.9616527283832493
0.9616527283832493
0.9616527283832493
0.9616527283832493
0.9616527283832493
0.9616527283832493
0.9616527283832493
0.9616527283832493
0.9616527283832493
0.9616527283832493
0.9616527283832493
0.9616527283832493
0.9616527283832493
0.9616527283832493
0.9616527283832493
0.9616527283832493
0.9616527283832493
0.9616527283832493
0.9616527283832493
0.9616527283832493
0.9616527283832493
0.9616527283832493
0.9616527283832493
0.9616527283832493
0.9616527283832493
0.9616527283832493
0.9616527283832493
0.9616527283832493
0.9616527283832493
0.9616527283832493
0.9616527283832493
0.9616527283832493
0.9616527283832493
0.9616527283832493
0.9616527283832493
0.9616527283832493
0.9616527283832493
0.9616527283832493
0.9616527283832493
0.9616527283832493
0.9616527283832493
0.9616527283832493
0.9616527283832493
0.9616527283832493
0.9616527283832493
0.9616527283832493
0.9616527283832493
0.9616527283832493
0.9616527283832493
0.9616527283832493
0.9616527283832493
0.9341541642271793
0.8952142273237983
0.790952998080523
0.7345652784149758
0.6341713847478615
0.5940265501801498
0.9990690348692132
0.9990902488124072
0.47201442373298735
0.9616527283832493
0.9616527283832493
0.9616527283832493
0.9616527283832493
0.9616527283832493
0.9616527283832493
0.9616527283832493
0.9616527283832493
0.9616527283832493
