0.0
0.0
0.0
0.0
0.0
0.0
0.0
0.0
0.0
0.0
0.0
0.0
0.0
0.0
0.0
0.75
1.0
1.0
1.75
2.0
2.0
3.0
3.0
3.75
3.75
4.0
4.0
4.0
4.75
5.0
6.0
6.0
6.0
7.0
7.0
7.0
8.0
8.75
9.0
9.0
9.75
10.0
10.75
11.0
11.0
11.0
11.75
12.0
12.0
13.0
13.75
14.0
14.0
14.0
15.0
15.0
15.75
15.75
15.75
16.0
16.0
16.75
17.0
17.75
17.75
18.5
19.5
20.5
21.0
21.75
21.75
22.75
23.0
23.0
23.0
23.0
23.75
24.0
24.0
24.0
24.0
24.75
24.75
25.0
25.75
25.75
25.75
26.75
27.0
27.0
27.0
27.0
27.0
27.0
27.75
28.0
28.75
29.0
29.0
30.5
30.75
31.0
31.0
31.0
31.75
31.75
31.75
31.75
32.5
32.75
32.75
32.75
32.75
33.5
34.25
34.5
34.5
34.75
34.75
35.0
35.0
36.0
36.0
37.0
37.0
37.0
37.75
37.75
39.0
39.0
40.0
40.0
40.75
40.75
41.0
41.0
42.0
42.0
42.75
43.0
43.0
43.0
43.0
43.0
43.0
43.75
43.75
44.5
44.5
45.5
45.75
46.75
47.0
48.75
48.75
49.0
49.75
50.0
50.0
50.75
51.0
51.75
51.75
52.0
52.0
52.75
52.75
52.75
52.75
52.75
53.0
53.75
54.5
55.25
55.5
55.5
55.75
55.75
56.0
56.0
57.0
57.0
58.0
58.0
58.75
59.0
59.75
60.0
60.75
61.0
61.75
62.0
62.0
63.0
63.0
64.0
64.0
65.0
65.0
66.0
66.0
