0.9588074563377876
0.9590695662721016
0.9590695662721016
0.9590695662721016
0.9590695662721016
0.9590695662721016
0.9590695662721016
0.9590695662721016
0.9590695662721016
0.9590695662721016
0.9590695662721016
0.9590695662721016
0.9590695662721016
0.9590695662721016
0.9590695662721016
0.9590695662721016
0.9590695662721016
0.9590695662721016
0.9590695662721016
0.9590695662721016
0.9590695662721016
0.9590695662721016
0.9590695662721016
0.9590695662721016
0.9590695662721016
0.9590695662721016
0.9590695662721016
0.9590695662721016
0.9590695662721016
0.9590695662721016
0.9590695662721016
0.9590695662721016
0.9590695662721016
0.9590695662721016
0.9590695662721016
0.9590695662721016
0.9590695662721016
0.9590695662721016
0.9590695662721016
0.9590695662721016
0.9590695662721016
0.9590695662721016
0.9590695662721016
0.9590695662721016
0.9590695662721016
0.9590695662721016
0.9590695662721016
0.9590695662721016
0.9590695662721016
0.9590695662721016
0.9590695662721016
0.9590695662721016
0.9590695662721016
0.9590695662721016
0.9590695662721016
0.9590695662721016
0.9590695662721016
0.9590695662721016
0.9590695662721016
0.9590695662721016
0.9590695662721016
0.9590695662721016
0.9590695662721016
0.9590695662721016
0.9590695662721016
0.9590695662721016
0.9590695662721016
0.9590695662721016
0.9590695662721016
0.9590695662721016
0.9590695662721016
0.9590695662721016
0.9590695662721016
0.9590695662721016
0.9590695662721016
0.9590695662721016
0.9590664299349875
0.9590630004937417
0.9590592487200922
0.9590551423421289
0.9590506457169035
0.9590457194669277
0.9590272175040465
0.9590174012597656
0.9590695662721016
0.9590695662721016
0.9590695662721016
0.9590695662721016
0.9590695662721016
0.9590695662721016
0.9590695662721016
0.9590695662721016
0.9590695662721016
0.9590695662721016
0.9590695662721016
0.9590695662721016
0.9590695662721016
0.9590695662721016
0.9590695662721016
0.9590695662721016
0.9590695662721016
0.9590695662721016
0.9590695662721016
0.9590695662721016
0.9590695662721016
0.9590695662721016
0.9590695662721016
0.9590695662721016
0.9590695662721016
0.9590695662721016
0.9590695662721016
0.9590695662721016
0.9590695662721016
0.9590695662721016
0.9590695662721016
0.9590695662721016
0.9590695662721016
0.9590695662721016
0.9590695662721016
0.9590695662721016
0.9590695662721016
0.9590695662721016
0.9590695662721016
0.9590695662721016
0.9590695662721016
0.9590695662721016
0.9590695662721016
0.9590695662721016
0.9590695662721016
0.9590695662721016
0.9590695662721016
0.9590695662721016
0.9590695662721016
0.9590695662721016
0.9590695662721016
0.9590695662721016
0.9590695662721016
0.9590695662721016
0.9590695662721016
0.9590695662721016
0.9590695662721016
0.9590695662721016
0.9590695662721016
0.9590695662721016
0.9590695662721016
0.9590695662721016
0.9590695662721016
0.9590695662721016
0.9590695662721016
0.9590695662721016
0.9590695662721016
0.9590695662721016
0.9590695662721016
0.9590695662721016
0.9590695662721016
0.9590695662721016
0.9590695662721016
0.9590695662721016
0.9590695662721016
0.9590695662721016
0.9590695662721016
0.9590695662721016
0.9590695662721016
0.9590695662721016
0.9590695662721016
0.9590695662721016
0.9590695662721016
0.9590695662721016
0.9590695662721016
0.9590695662721016
0.9590695662721016
0.9590695662721016
0.9590695662721016
0.9590695662721016
0.9590695662721016
0.9590695662721016
0.9590695662721016
0.9590695662721016
0.9590695662721016
0.9590695662721016
0.9590695662721016
0.9590695662721016
0.9590695662721016
0.9590695662721016
0.9590695662721016
0.9590695662721016
0.9590695662721016
0.9590695662721016
0.9590695662721016
0.9590695662721016
0.9590695662721016
0.9590695662721016
0.9590695662721016
0.9590695662721016
0.9590695662721016
0.9590695662721016
0.9590695662721016
0.9590695662721016
0.9590695662721016
