0.4369466153407392
0.9686629599148228
0.9686629599148228
0.9686629599148228
0.9686629599148228
0.9686629599148228
0.9686629599148228
0.9686629599148228
0.9686629599148228
0.9686629599148228
0.9686629599148228
0.9686629599148228
0.9686629599148228
0.9686629599148228
0.9686629599148228
0.9686629599148228
0.9686629599148228
0.9686629599148228
0.9686629599148228
0.9686629599148228
0.9686629599148228
0.9686629599148228
0.9686629599148228
0.9686629599148228
0.9686629599148228
0.9686629599148228
0.9686629599148228
0.9686629599148228
0.9686629599148228
0.9686629599148228
0.9686629599148228
0.9686629599148228
0.9686629599148228
0.9686629599148228
0.9686629599148228
0.9686629599148228
0.9686629599148228
0.9686629599148228
0.9686629599148228
0.9686629599148228
0.9686629599148228
0.9686629599148228
0.9686629599148228
0.9686629599148228
0.9686629599148228
0.9686629599148228
0.9686629599148228
0.9686629599148228
0.9686629599148228
0.9686629599148228
0.9686629599148228
0.9686629599148228
0.9686629599148228
0.9686629599148228
0.9686629599148228
0.9686629599148228
0.9686629599148228
0.9686629599148228
0.9686629599148228
0.9686629599148228
0.9686629599148228
0.9686629599148228
0.9686629599148228
0.9686629599148228
0.9686629599148228
0.9686629599148228
0.9686629599148228
0.9686629599148228
0.9686629599148228
0.9686629599148228
0.9686629599148228
0.9686629599148228
0.9686629599148228
0.9686629599148228
0.9686629599148228
0.9686629599148228
0.9686629599148228
0.9686629599148228
0.9686629599148228
0.9686629599148228
0.9686629599148228
0.9686629599148228
0.9686629599148228
0.9686629599148228
0.9686629599148228
0.9686629599148228
0.9686629599148228
0.9686629599148228
0.9686629599148228
0.9686629599148228
0.9686629599148228
0.9686629599148228
0.9686629599148228
0.9686629599148228
0.9686629599148228
0.9686629599148228
0.9686629599148228
0.9686629599148228
0.9686629599148228
0.9686629599148228
0.9686629599148228
0.8180776734324103
0.8180776734324103
0.7641802419421926
0.7641802419421926
0.7114223613814988
0.7641802419421926
0.6205913901710587
0.4657313454137836
0.5232643956110383
0.4878452257536389
0.46689098644759514
0.9686629599148228
0.9686629599148228
0.9686629599148228
0.9686629599148228
0.9686629599148228
0.9686629599148228
0.9686629599148228
0.9686629599148228
0.9686629599148228
0.9686629599148228
0.9686629599148228
0.9686629599148228
0.9686629599148228
0.9686629599148228
0.9686629599148228
0.9686629599148228
0.9686629599148228
0.9686629599148228
0.9686629599148228
0.9686629599148228
0.9686629599148228
0.9686629599148228
0.9686629599148228
0.9686629599148228
0.9686629599148228
0.9686629599148228
0.9686629599148228
0.9686629599148228
0.9686629599148228
0.9686629599148228
0.9686629599148228
0.9686629599148228
0.9686629599148228
0.9686629599148228
0.9686629599148228
0.9686629599148228
0.9686629599148228
0.9686629599148228
0.9686629599148228
0.9686629599148228
0.9686629599148228
0.9686629599148228
0.9686629599148228
0.9686629599148228
0.9686629599148228
0.9686629599148228
0.9686629599148228
0.9686629599148228
0.9686629599148228
0.9686629599148228
0.9686629599148228
0.9686629599148228
0.9686629599148228
0.9686629599148228
0.9686629599148228
0.9686629599148228
0.9686629599148228
0.9686629599148228
0.9686629599148228
0.9686629599148228
0.9686629599148228
0.9686629599148228
0.9686629599148228
0.9686629599148228
0.9686629599148228
0.9686629599148228
0.9686629599148228
0.9686629599148228
0.9686629599148228
0.9686629599148228
0.9686629599148228
0.9686629599148228
0.9686629599148228
0.9686629599148228
0.9686629599148228
0.9686629599148228
0.9686629599148228
0.9686629599148228
0.9686629599148228
0.9686629599148228
0.9686629599148228
0.9686629599148228
0.9686629599148228
0.9686629599148228
0.9686629599148228
0.9686629599148228
0.9686629599148228
0.9686629599148228
0.9686629599148228
0.9686629599148228
0.9686629599148228
0.9686629599148228
0.9686629599148228
0.9686629599148228
0.9686629599148228
0.9686629599148228
0.9686629599148228
0.9686629599148228
0.9686629599148228
0.9686629599148228
0.9686629599148228
0.9686629599148228
0.9686629599148228
0.9686629599148228
0.9686629599148228
0.9686629599148228
0.9686629599148228
0.9686629599148228
0.9686629599148228
0.9686629599148228
0.9686629599148228
0.9686629599148228
0.9686629599148228
0.9686629599148228
0.9686629599148228
0.9686629599148228
0.9686629599148228
0.9686629599148228
0.9686629599148228
0.9686629599148228
0.9686629599148228
0.9686629599148228
0.9686629599148228
0.9686629599148228
0.9686629599148228
0.9686629599148228
0.9686629599148228
0.9686629599148228
0.9686629599148228
0.9686629599148228
0.9686629599148228
0.9686629599148228
0.9686629599148228
0.9686629599148228
0.9686629599148228
0.9686629599148228
0.9686629599148228
0.9686629599148228
0.9686629599148228
0.9686629599148228
0.9686629599148228
0.9686629599148228
0.9686629599148228
0.9686629599148228
0.9686629599148228
0.9686629599148228
0.9686629599148228
0.9686629599148228
0.9686629599148228
0.9686629599148228
0.9686629599148228
0.9686629599148228
0.9686629599148228
0.9686629599148228
0.9686629599148228
0.9686629599148228
0.9686629599148228
0.9686629599148228
0.9686629599148228
0.9686629599148228
0.9686629599148228
0.9686629599148228
0.9686629599148228
0.9686629599148228
0.9686629599148228
0.9686629599148228
0.9686629599148228
0.9686629599148228
0.9686629599148228
0.9686629599148228
0.9686629599148228
0.9686629599148228
0.9686629599148228
0.9686629599148228
0.9686629599148228
0.9686629599148228
0.9686629599148228
0.9686629599148228
0.9686629599148228
0.9686629599148228
0.9686629599148228
0.9686629599148228
0.9686629599148228
0.9686629599148228
0.9686629599148228
0.9686629599148228
0.9686629599148228
0.9686629599148228
0.9686629599148228
0.9686629599148228
0.9686629599148228
0.9686629599148228
0.9686629599148228
0.9686629599148228
0.9686629599148228
0.9686629599148228
0.9686629599148228
0.9686629599148228
0.9686629599148228
0.9686629599148228
0.9686629599148228
0.9686629599148228
0.9686629599148228
0.9686629599148228
0.9686629599148228
0.9686629599148228
0.9686629599148228
0.9686629599148228
0.9686629599148228
0.9686629599148228
0.9686629599148228
0.9686629599148228
0.9686629599148228
0.9686629599148228
0.9686629599148228
0.9686629599148228
0.9686629599148228
0.9686629599148228
0.9686629599148228
0.9686629599148228
0.9686629599148228
0.9686629599148228
0.9686629599148228
0.9686629599148228
0.9686629599148228
0.9686629599148228
0.9686629599148228
0.9686629599148228
0.9686629599148228
0.9686629599148228
0.9686629599148228
0.9686629599148228
0.9686629599148228
0.9686629599148228
0.9686629599148228
0.9686629599148228
0.9686629599148228
0.9686629599148228
0.9686629599148228
0.9686629599148228
0.9686629599148228
0.9686629599148228
0.9686629599148228
0.9686629599148228
0.9686629599148228
0.9686629599148228
0.9686629599148228
0.9686629599148228
0.9686629599148228
0.9686629599148228
0.9686629599148228
0.9686629599148228
0.9686629599148228
0.9686629599148228
0.9686629599148228
0.9686629599148228
0.9686629599148228
0.9686629599148228
0.9686629599148228
0.9686629599148228
0.9686629599148228
0.9686629599148228
0.9686629599148228
0.9686629599148228
0.9686629599148228
0.9686629599148228
0.9686629599148228
0.9686629599148228
0.9686629599148228
0.9686629599148228
0.9686629599148228
0.9686629599148228
0.9686629599148228
0.9686629599148228
0.9686629599148228
0.9686629599148228
0.9686629599148228
0.9686629599148228
0.9686629599148228
0.9686629599148228
0.9686629599148228
0.9686629599148228
0.9686629599148228
0.9686629599148228
0.9686629599148228
0.9686629599148228
0.9686629599148228
0.9686629599148228
0.9686629599148228
0.9686629599148228
0.9686629599148228
0.9686629599148228
0.9686629599148228
0.9686629599148228
0.9686629599148228
0.9686629599148228
0.9686629599148228
0.9686629599148228
0.9686629599148228
0.9686629599148228
0.9686629599148228
0.9686629599148228
0.9686629599148228
0.9686629599148228
0.9686629599148228
0.9686629599148228
0.9686629599148228
0.9686629599148228
0.9686629599148228
0.9686629599148228
0.9686629599148228
0.9686629599148228
0.9686629599148228
0.9686629599148228
0.9686629599148228
0.9686629599148228
0.9686629599148228
0.9686629599148228
0.9686629599148228
0.9686629599148228
0.9686629599148228
0.9686629599148228
0.9686629599148228
0.9686629599148228
0.9686629599148228
0.9686629599148228
0.9686629599148228
0.9686629599148228
0.9686629599148228
0.9686629599148228
0.9686629599148228
0.9686629599148228
0.9686629599148228
0.9686629599148228
0.9686629599148228
0.9686629599148228
0.9686629599148228
0.9686629599148228
0.9686629599148228
0.9686629599148228
0.9686629599148228
0.9686629599148228
0.9686629599148228
0.9686629599148228
0.9686629599148228
0.9686629599148228
0.9686629599148228
0.9686629599148228
0.9686629599148228
0.9686629599148228
0.9686629599148228
0.9686629599148228
0.9686629599148228
0.9686629599148228
0.9900748718432215
0.9820539080860444
0.9686629599148228
0.9686629599148228
0.9686629599148228
0.9686629599148228
0.9686629599148228
0.9686629599148228
0.9686629599148228
0.9686629599148228
0.9686629599148228
0.9686629599148228
0.9686629599148228
0.9686629599148228
0.9686629599148228
0.9686629599148228
0.9686629599148228
0.9686629599148228
0.9686629599148228
0.9686629599148228
0.9686629599148228
0.9686629599148228
0.9686629599148228
0.9686629599148228
0.9686629599148228
0.9686629599148228
0.9686629599148228
0.9686629599148228
0.9686629599148228
0.9686629599148228
0.9995808131173136
0.5032793151687753
0.9996311094877373
