0.46705732603109523
0.032796981895970634
0.032796981895970634
0.032796981895970634
0.03279820036211481
0.5327991911168724
0.032797682577328326
0.4672008326105719
0.5328040267937288
0.46719034711781404
0.532815883375759
0.032796981895970634
0.032796981895970634
0.032796981895970634
0.032796981895970634
0.032796981895970634
0.032796981895970634
0.032796981895970634
0.032796981895970634
0.032796981895970634
0.032796981895970634
0.032796981895970634
0.032796981895970634
0.032796981895970634
0.032796981895970634
0.032796981895970634
0.032796981895970634
0.032796981895970634
0.032796981895970634
0.032796981895970634
0.032796981895970634
0.032796981895970634
0.032796981895970634
0.032796981895970634
0.032796981895970634
0.032796981895970634
0.032796981895970634
0.032796981895970634
0.032796981895970634
0.032796981895970634
0.032796981895970634
0.032796981895970634
0.032796981895970634
0.032796981895970634
0.032796981895970634
0.032796981895970634
0.032796981895970634
0.032796981895970634
0.032796981895970634
0.032796981895970634
0.032796981895970634
0.032796981895970634
0.032796981895970634
0.032796981895970634
0.032796981895970634
0.032796981895970634
0.032796981895970634
0.032796981895970634
0.032796981895970634
0.032796981895970634
0.032796981895970634
0.032796981895970634
0.032796981895970634
0.032796981895970634
0.032796981895970634
0.032796981895970634
0.032796981895970634
0.032796981895970634
0.032796981895970634
0.032796981895970634
0.032796981895970634
0.032796981895970634
0.032796981895970634
0.032796981895970634
0.032796981895970634
0.032796981895970634
0.032796981895970634
0.032796981895970634
0.032796981895970634
0.032796981895970634
0.032796981895970634
0.032796981895970634
0.032796981895970634
0.032796981895970634
0.032796981895970634
0.032796981895970634
0.032796981895970634
0.032796981895970634
0.032796981895970634
0.032796981895970634
0.032796981895970634
0.032796981895970634
0.032796981895970634
0.032796981895970634
0.032796981895970634
0.032796981895970634
0.032796981895970634
0.032796981895970634
0.032796981895970634
0.032796981895970634
0.032796981895970634
0.032796981895970634
0.032796981895970634
0.032796981895970634
0.032796981895970634
0.032796981895970634
0.032796981895970634
0.032796981895970634
0.032796981895970634
0.032796981895970634
0.032796981895970634
0.032796981895970634
0.032796981895970634
0.032796981895970634
0.032796981895970634
0.032796981895970634
0.032796981895970634
0.032796981895970634
0.032796981895970634
0.032796981895970634
0.032796981895970634
0.032796981895970634
0.032796981895970634
0.032796981895970634
0.032796981895970634
0.032796981895970634
0.032796981895970634
0.032796981895970634
0.032796981895970634
0.032796981895970634
0.032796981895970634
0.032796981895970634
0.032796981895970634
0.5327998769041484
0.032796981895970634
0.032802158903938304
0.03280360346382054
0.032796981895970634
0.032811815096946
0.032816209287655634
0.03281157158681104
0.032806229062801034
0.03280468763927472
0.5328051460388673
0.032796981895970634
0.5328016984403987
0.532799864467077
0.5328034331644542
0.5328066953093876
0.5328078872805015
0.5328244798667453
0.032796981895970634
0.032796981895970634
0.032796981895970634
0.032796981895970634
0.032796981895970634
0.032796981895970634
0.032796981895970634
0.032796981895970634
0.032796981895970634
0.032796981895970634
0.032796981895970634
0.032796981895970634
0.032796981895970634
0.032796981895970634
0.032796981895970634
0.032796981895970634
0.032796981895970634
0.032796981895970634
0.032796981895970634
0.032796981895970634
0.032796981895970634
0.032796981895970634
0.032796981895970634
0.032796981895970634
0.032796981895970634
0.032796981895970634
0.032796981895970634
0.032796981895970634
0.032796981895970634
0.032796981895970634
0.032796981895970634
0.032796981895970634
0.032796981895970634
0.032796981895970634
0.032796981895970634
0.032796981895970634
0.032796981895970634
0.032796981895970634
0.032796981895970634
0.032796981895970634
0.032796981895970634
0.032796981895970634
0.032796981895970634
0.032796981895970634
0.032796981895970634
0.032796981895970634
0.032796981895970634
0.032796981895970634
0.032796981895970634
0.032796981895970634
0.032796981895970634
0.032796981895970634
0.032796981895970634
0.032796981895970634
0.032796981895970634
0.032796981895970634
0.032796981895970634
0.032796981895970634
0.032796981895970634
0.032796981895970634
0.032796981895970634
0.032796981895970634
0.032796981895970634
0.032796981895970634
0.032796981895970634
0.032796981895970634
0.032796981895970634
0.032796981895970634
0.032796981895970634
0.032796981895970634
0.032796981895970634
0.032796981895970634
0.032796981895970634
0.032796981895970634
0.032796981895970634
0.032796981895970634
0.032796981895970634
0.032796981895970634
0.032796981895970634
0.032796981895970634
0.032796981895970634
0.032796981895970634
0.032796981895970634
0.032796981895970634
0.032796981895970634
0.032796981895970634
0.032796981895970634
0.032796981895970634
0.032796981895970634
0.032796981895970634
0.032796981895970634
0.032796981895970634
0.032796981895970634
0.032796981895970634
0.032796981895970634
0.032796981895970634
0.032796981895970634
0.032796981895970634
0.032796981895970634
0.032796981895970634
0.032796981895970634
0.032796981895970634
0.032796981895970634
0.032796981895970634
0.032796981895970634
0.032796981895970634
0.032796981895970634
0.032796981895970634
0.032796981895970634
0.032796981895970634
0.032796981895970634
0.032796981895970634
0.032796981895970634
0.032796981895970634
0.032796981895970634
0.032796981895970634
0.032796981895970634
0.032796981895970634
0.032796981895970634
0.032796981895970634
0.032796981895970634
0.032796981895970634
0.032796981895970634
0.032796981895970634
0.032796981895970634
0.032796981895970634
0.032796981895970634
0.032796981895970634
0.5327992819456493
0.032796981895970634
0.03280021162898
0.032796981895970634
0.03280162352931917
0.03280269315132214
0.032796981895970634
0.032796981895970634
0.032796981895970634
0.032796981895970634
0.03279963244825133
0.032796981895970634
0.032796981895970634
0.032796981895970634
0.032796981895970634
0.032796981895970634
0.032796981895970634
0.032796981895970634
0.032796981895970634
0.032796981895970634
0.032796981895970634
0.032796981895970634
0.032796981895970634
0.032796981895970634
0.032796981895970634
0.032796981895970634
0.032796981895970634
0.032796981895970634
0.032796981895970634
0.032796981895970634
0.032796981895970634
0.032796981895970634
0.032796981895970634
0.032796981895970634
0.032796981895970634
0.032796981895970634
0.032796981895970634
0.032796981895970634
0.032796981895970634
0.032796981895970634
0.032796981895970634
0.032796981895970634
0.032796981895970634
0.032796981895970634
0.032796981895970634
0.032796981895970634
0.032796981895970634
0.032796981895970634
0.032796981895970634
0.032796981895970634
0.032796981895970634
0.032796981895970634
0.032796981895970634
0.032796981895970634
0.032796981895970634
0.032796981895970634
0.032796981895970634
0.032796981895970634
0.032796981895970634
0.032796981895970634
0.032796981895970634
0.032796981895970634
0.032796981895970634
0.032796981895970634
0.032796981895970634
0.032796981895970634
0.032796981895970634
0.032796981895970634
0.032796981895970634
0.032796981895970634
0.032796981895970634
0.032796981895970634
0.032796981895970634
0.03279888125434385
0.4672001180482723
0.032796981895970634
0.46719639648926237
0.032801924701006464
0.032796981895970634
0.032796981895970634
0.0327969822923914
0.032796981895970634
0.032796981895970634
0.032796981895970634
0.032796981895970634
0.032796981895970634
0.032796981895970634
0.032796981895970634
0.032796981895970634
0.032796981895970634
0.032796981895970634
0.032797519121511916
0.032798592012309696
0.5327992751879304
0.5328011636837799
0.5328050909616442
0.53280574686089
0.03280443269770345
0.032804432604795895
0.032804432604795895
0.032804432604795895
0.03280443251691568
0.03280404658887665
0.03280305255279679
0.03280305255279679
0.03280269341922633
0.03280269341922633
0.03280269341922633
0.03280269334326913
0.03280269334326913
0.03280176014253127
0.03280176014253127
0.03280176014253127
0.03280176014253127
0.032801760073724186
0.032801760073724186
0.032801760073724186
0.03280086922381985
0.03280086922381985
0.03280086922381985
0.03280086922381985
0.03280086922381985
0.03280086922381985
0.03280086922381985
0.03280001875549495
0.03280001875549495
0.03280001875549495
0.03280001875549495
0.03280001875549495
0.03280001875549495
0.03280001875549495
0.03279920661994423
0.03279920661994423
0.03279920661994423
0.03279920661994423
0.03279920661994423
0.03279920661994423
0.03279920661994423
0.03279843093723808
0.03279843093723808
0.03279843093723808
0.03279843093723808
0.03279843093723808
0.03279843093723808
0.03279843093723808
0.032797689925581394
0.032797689925581394
0.032797689925581394
0.032797689925581394
0.032797689925581394
0.032797689925581394
0.032797689925581394
0.032796981895970634
0.032796981895970634
0.032796981895970634
0.032796981895970634
0.032796981895970634
0.032796981895970634
0.032796981895970634
0.032796981895970634
0.032796981895970634
0.032796981895970634
0.032796981895970634
0.032796981895970634
0.032796981895970634
0.032796981895970634
0.032796981895970634
0.032796981895970634
0.032796981895970634
0.032796981895970634
0.032796981895970634
0.032796981895970634
0.032796981895970634
0.032796981895970634
0.032796981895970634
0.032796981895970634
0.032796981895970634
0.032796981895970634
0.032796981895970634
0.032796981895970634
0.032796981895970634
0.032796981895970634
0.032796981895970634
0.032796981895970634
0.032796981895970634
0.032796981895970634
0.032796981895970634
0.032796981895970634
0.032796981895970634
0.032796981895970634
0.032796981895970634
0.032796981895970634
0.032796981895970634
0.032796981895970634
0.032796981895970634
0.032796981895970634
0.032796981895970634
0.032796981895970634
0.032796981895970634
0.032796981895970634
0.032796981895970634
0.032796981895970634
0.032796981895970634
0.032796981895970634
0.032796981895970634
0.032796981895970634
0.032796981895970634
0.032796981895970634
0.032796981895970634
0.032796981895970634
0.032796981895970634
0.032796981895970634
0.032796981895970634
0.032796981895970634
0.032796981895970634
0.032796981895970634
0.032796981895970634
0.032796981895970634
0.032796981895970634
0.032796981895970634
0.032796981895970634
0.032796981895970634
0.032796981895970634
0.032796981895970634
0.032796981895970634
0.032796981895970634
0.032796981895970634
0.032796981895970634
0.032796981895970634
0.032796981895970634
0.032796981895970634
0.032796981895970634
0.032796981895970634
0.032796981895970634
0.032796981895970634
0.032796981895970634
0.032796981895970634
0.032796981895970634
0.032796981895970634
0.032796981895970634
0.032796981895970634
0.032796981895970634
0.032796981895970634
0.032796981895970634
0.032796981895970634
0.032796981895970634
0.032796981895970634
0.032796981895970634
0.032796981895970634
0.032796981895970634
0.032796981895970634
0.032796981895970634
0.032796981895970634
0.032796981895970634
0.032796981895970634
0.032796981895970634
0.032796981895970634
0.032796981895970634
0.032796981895970634
0.032796981895970634
0.032796981895970634
0.032796981895970634
0.032796981895970634
0.032796981895970634
0.032796981895970634
0.032796981895970634
0.032796981895970634
0.032796981895970634
0.032796981895970634
0.032796981895970634
0.032796981895970634
0.032796981895970634
0.032796981895970634
0.032796981895970634
0.032796981895970634
0.032796981895970634
0.032796981895970634
0.032796981895970634
0.032796981895970634
0.032796981895970634
0.032796981895970634
0.032796981895970634
0.032796981895970634
0.032796981895970634
0.032796981895970634
0.032796981895970634
0.032796981895970634
0.032796981895970634
0.032796981895970634
0.032796981895970634
0.032796981895970634
0.032796981895970634
0.032796981895970634
0.032796981895970634
0.032796981895970634
0.032796981895970634
0.032796981895970634
0.032796981895970634
0.032796981895970634
0.032796981895970634
0.032796981895970634
0.032796981895970634
0.032796981895970634
0.032796981895970634
0.032796981895970634
0.032796981895970634
0.032796981895970634
0.032796981895970634
0.032796981895970634
0.032796981895970634
0.032796981895970634
0.032796981895970634
0.032796981895970634
0.032796981895970634
0.032796981895970634
0.032796981895970634
0.032796981895970634
0.032796981895970634
0.032796981895970634
0.032796981895970634
0.032796981895970634
0.032796981895970634
0.032796981895970634
0.032796981895970634
0.032796981895970634
0.032796981895970634
0.032796981895970634
0.032796981895970634
0.032796981895970634
0.032796981895970634
0.032796981895970634
0.032796981895970634
0.032796981895970634
0.032796981895970634
0.032796981895970634
0.032796981895970634
0.032796981895970634
0.032796981895970634
0.032796981895970634
0.032796981895970634
0.032796981895970634
0.032796981895970634
0.032796981895970634
0.032796981895970634
0.032796981895970634
0.032796981895970634
0.032796981895970634
0.032796981895970634
0.032796981895970634
0.032796981895970634
0.03279845685073552
0.5328005914134053
0.03279924581804497
0.5328024421973916
0.5328031230640069
0.5328059690511637
0.532815883375759
0.032796981895970634
0.032796981895970634
0.032796981895970634
0.032796981895970634
0.032796981895970634
0.032796981895970634
0.032796981895970634
0.032796981895970634
0.032796981895970634
0.032796981895970634
0.032796981895970634
0.032796981895970634
0.032796981895970634
0.032796981895970634
0.4671994482873196
0.032799710240434966
0.032798945887072564
0.03279858613023151
0.032797907588260115
0.03279824027340074
0.032797587388554754
0.032796981895970634
0.032796981895970634
0.0327969822923914
0.032796982215654594
0.032796981895970634
0.032796981895970634
0.032796981895970634
0.03280021162898
0.032796981895970634
0.03280269315132214
0.03280060409613999
0.032796981895970634
0.032796981895970634
0.032796981895970634
0.032796981997806014
0.032796981997806014
0.03279698197128985
0.032798350650667114
0.0327988365198053
0.03279698192039133
0.032799710240434966
0.032796981895970634
0.032796981895970634
0.032796981895970634
0.032796981895970634
0.032796981895970634
0.032796981895970634
0.032796981895970634
0.032796981895970634
0.032796981895970634
0.032796981895970634
0.032796981895970634
0.032796981895970634
0.032796981895970634
0.032796981895970634
0.032796981895970634
0.032796981895970634
0.032796981895970634
0.032796981895970634
0.032796981895970634
0.032796981895970634
0.032796981895970634
0.032796981895970634
0.032796981895970634
0.032796981895970634
0.032796981895970634
0.032796981895970634
0.032798223892247715
0.4672001180482723
0.032796981895970634
0.46719781573573554
0.032796981895970634
0.467194291792602
0.46719331961366395
0.4671923075855231
0.4671777382515155
0.46718708194794467
0.4671735390106558
0.46717193250845307
0.4671907661957194
0.46718644546230076
0.032802954009668185
0.46718895942548483
0.03280295395645207
0.03280295573196652
0.032802427880677894
0.4671873113191428
0.032796983112503286
0.03279698298637615
0.03279698324671306
0.032796981895970634
0.03279698220526546
0.032796981895970634
0.03279698217313372
0.032796981895970634
0.032796981895970634
0.032796981895970634
0.032796981895970634
0.032796981895970634
0.032796981895970634
0.032796981895970634
0.032796981895970634
0.032796981895970634
0.032796981895970634
0.032796981895970634
0.032796981895970634
0.032796981895970634
0.032796981895970634
0.032796981895970634
0.032796981895970634
0.032796981895970634
0.03279797737496378
0.032796981895970634
0.5327998769041484
0.032796981895970634
0.032796981895970634
0.032796981895970634
0.032796981895970634
0.032796981895970634
0.032796981895970634
0.032796981895970634
0.032796981895970634
0.032796981895970634
0.032796981895970634
0.032797466090654426
0.46717478121447586
0.032796981895970634
0.032796981895970634
0.032796981895970634
0.032796981895970634
0.032796981895970634
0.032796981895970634
0.032796981895970634
0.032796981895970634
0.032796981895970634
0.032796981895970634
0.032796981895970634
0.032796981895970634
0.032796981895970634
0.032796981895970634
0.032796981895970634
0.032796981895970634
0.032796981895970634
0.032796981895970634
0.032796981895970634
0.032796981895970634
0.032796981895970634
0.032796981895970634
0.032796981895970634
0.032796981895970634
0.032796981895970634
0.032796981895970634
0.032796981895970634
0.032796981895970634
0.032796981895970634
0.032796981895970634
0.032796981895970634
0.032796981895970634
0.032796981895970634
0.032798525872690665
0.032799348992027924
0.032799348992027924
0.032798525872690665
0.032796981895970634
0.032796981895970634
0.032796981895970634
0.032796981895970634
0.032796981895970634
0.032796981895970634
0.032796981895970634
0.032796981895970634
0.032796981895970634
0.032796981895970634
0.032796981895970634
0.032796981895970634
0.032796981895970634
0.032796981895970634
0.032796981895970634
0.032796981895970634
0.032796981895970634
0.032796981895970634
0.032796981895970634
0.032796981895970634
0.032796981895970634
0.032796981895970634
0.032796981895970634
0.032796981895970634
0.032796981895970634
0.032796981895970634
0.032796981895970634
0.032796981895970634
0.032796981895970634
0.032796981895970634
0.032796981895970634
0.032796981895970634
0.032796981895970634
0.032796981895970634
0.032796981895970634
0.032796981895970634
0.032796981895970634
0.032796981895970634
0.032796981895970634
0.032796981895970634
0.032796981895970634
0.032796981895970634
0.032796981895970634
0.032796981895970634
0.032796981895970634
0.032796981895970634
0.032796981895970634
0.032796981895970634
0.032796982143539204
0.0327969822923914
0.032796982215654594
0.032796982215654594
0.032796981895970634
0.032796981895970634
0.032796981895970634
0.032796981895970634
0.03279751635754925
0.03279806936344556
0.03279957656621457
0.46720019397871226
0.03280174922447366
0.46719738691530543
0.03280148014838914
0.03280215787899778
0.03280215787899778
0.03280215790279358
0.03280215790279358
0.03280215790279358
0.032802720213690836
0.032802720213690836
0.03280343941957823
0.4671969530493297
0.03280019307468574
0.0328001930503212
0.0328001930503212
0.03279969428823453
0.03279969428823453
0.032799694266007796
0.0327992096430504
0.0327992096430504
0.03279873862874872
0.03279873862874872
0.0327987386096046
0.032798280779663506
0.032798280779663506
0.03279783566626445
0.03279783566626445
0.03279783566626445
0.0327974028417491
0.0327974028417491
0.032796981895970634
0.032796981895970634
0.032796981895970634
0.032796981895970634
0.032796981895970634
0.032796981895970634
0.032796981895970634
0.032796981895970634
0.032796981895970634
0.032796981895970634
0.032796981895970634
0.03279757735205834
0.03279885239389325
0.5327999058878119
0.46720160539204086
0.5328022612001707
0.467199616239084
0.46718741812443537
0.5328159516447395
0.032796981895970634
0.032796981895970634
0.032796981895970634
0.032796981895970634
0.032796981895970634
0.032796981895970634
0.032796981895970634
0.032796981895970634
0.032796981895970634
0.032796981895970634
0.032796981895970634
0.032796981895970634
0.032796981895970634
0.032796981895970634
0.032796981895970634
0.032796981895970634
0.032796981895970634
0.032796981895970634
0.032796981895970634
0.032796981895970634
0.032796981895970634
0.032796981895970634
0.032796981895970634
0.032796981895970634
0.032796981895970634
0.032796981895970634
0.032796981895970634
0.032796981895970634
0.032796981895970634
0.032796981895970634
0.032796981895970634
0.032796981895970634
0.03279732876361967
0.032797682577328326
0.4672019806598303
0.4672019806598303
0.032796981895970634
0.4672004348842936
0.5328040267937288
0.46718919653552377
0.46718349769709083
0.032796981895970634
0.032796981895970634
0.032796981895970634
0.032796981895970634
0.032796981895970634
0.032796981895970634
0.032796981895970634
0.032796981895970634
0.032796981895970634
0.032796981895970634
0.032796981895970634
0.032796981895970634
0.032796981895970634
0.032796981895970634
0.032796981895970634
0.032796981895970634
0.4672001180482723
0.032796981895970634
0.032796981895970634
0.032796981895970634
0.032796981895970634
0.03279824027340074
0.032798945887072564
0.032797907588260115
0.032796981895970634
0.032796981895970634
0.032796981895970634
0.032796981895970634
0.032796981895970634
0.032796981895970634
0.032796981895970634
0.032796981895970634
0.032796981895970634
0.032796981895970634
0.032796981895970634
0.032796981895970634
0.032796981895970634
0.032796981895970634
0.032796981895970634
0.032796981895970634
0.032796981895970634
0.032796981895970634
0.032796981895970634
0.032796981895970634
0.032796981895970634
0.032796981895970634
0.032796981895970634
0.032796981895970634
0.032796981895970634
