0.08175636018719308
0.1685797214532354
0.1685797214532354
0.1685797214532354
0.15711981540522574
0.64577177619424
0.1990412319891219
0.23106155212707383
0.6131461630074585
0.22809818418978411
0.7779322447479796
0.1685797214532354
0.1685797214532354
0.1685797214532354
0.1685797214532354
0.1685797214532354
0.1685797214532354
0.1685797214532354
0.1685797214532354
0.1685797214532354
0.1685797214532354
0.1685797214532354
0.1685797214532354
0.1685797214532354
0.1685797214532354
0.1685797214532354
0.1685797214532354
0.1685797214532354
0.1685797214532354
0.1685797214532354
0.1685797214532354
0.1685797214532354
0.1685797214532354
0.1685797214532354
0.1685797214532354
0.1685797214532354
0.1685797214532354
0.1685797214532354
0.1685797214532354
0.1685797214532354
0.1685797214532354
0.1685797214532354
0.1685797214532354
0.1685797214532354
0.1685797214532354
0.1685797214532354
0.1685797214532354
0.1685797214532354
0.1685797214532354
0.1685797214532354
0.1685797214532354
0.1685797214532354
0.1685797214532354
0.1685797214532354
0.1685797214532354
0.1685797214532354
0.1685797214532354
0.1685797214532354
0.1685797214532354
0.1685797214532354
0.1685797214532354
0.1685797214532354
0.1685797214532354
0.1685797214532354
0.1685797214532354
0.1685797214532354
0.1685797214532354
0.1685797214532354
0.1685797214532354
0.1685797214532354
0.1685797214532354
0.1685797214532354
0.1685797214532354
0.1685797214532354
0.1685797214532354
0.1685797214532354
0.1685797214532354
0.1685797214532354
0.1685797214532354
0.1685797214532354
0.1685797214532354
0.1685797214532354
0.1685797214532354
0.1685797214532354
0.1685797214532354
0.1685797214532354
0.1685797214532354
0.1685797214532354
0.1685797214532354
0.1685797214532354
0.1685797214532354
0.1685797214532354
0.1685797214532354
0.1685797214532354
0.1685797214532354
0.1685797214532354
0.1685797214532354
0.1685797214532354
0.1685797214532354
0.1685797214532354
0.1685797214532354
0.1685797214532354
0.1685797214532354
0.1685797214532354
0.1685797214532354
0.1685797214532354
0.1685797214532354
0.1685797214532354
0.1685797214532354
0.1685797214532354
0.1685797214532354
0.1685797214532354
0.1685797214532354
0.1685797214532354
0.1685797214532354
0.1685797214532354
0.1685797214532354
0.1685797214532354
0.1685797214532354
0.1685797214532354
0.1685797214532354
0.1685797214532354
0.1685797214532354
0.1685797214532354
0.1685797214532354
0.1685797214532354
0.1685797214532354
0.1685797214532354
0.1685797214532354
0.1685797214532354
0.1685797214532354
0.1685797214532354
0.1685797214532354
0.5044282619128707
0.1685797214532354
0.10148713155255017
0.08844804605635317
0.1685797214532354
0.09222403676883413
0.07901239169133212
0.09304668156525495
0.11394455299251921
0.12234212428570149
0.6204807729952313
0.1685797214532354
0.6397511516755098
0.6492584667922604
0.6271901061795074
0.6125550286837861
0.6078389002795626
0.556559910322813
0.1685797214532354
0.1685797214532354
0.1685797214532354
0.1685797214532354
0.1685797214532354
0.1685797214532354
0.1685797214532354
0.1685797214532354
0.1685797214532354
0.1685797214532354
0.1685797214532354
0.1685797214532354
0.1685797214532354
0.1685797214532354
0.1685797214532354
0.1685797214532354
0.1685797214532354
0.1685797214532354
0.1685797214532354
0.1685797214532354
0.1685797214532354
0.1685797214532354
0.1685797214532354
0.1685797214532354
0.1685797214532354
0.1685797214532354
0.1685797214532354
0.1685797214532354
0.1685797214532354
0.1685797214532354
0.1685797214532354
0.1685797214532354
0.1685797214532354
0.1685797214532354
0.1685797214532354
0.1685797214532354
0.1685797214532354
0.1685797214532354
0.1685797214532354
0.1685797214532354
0.1685797214532354
0.1685797214532354
0.1685797214532354
0.1685797214532354
0.1685797214532354
0.1685797214532354
0.1685797214532354
0.1685797214532354
0.1685797214532354
0.1685797214532354
0.1685797214532354
0.1685797214532354
0.1685797214532354
0.1685797214532354
0.1685797214532354
0.1685797214532354
0.1685797214532354
0.1685797214532354
0.1685797214532354
0.1685797214532354
0.1685797214532354
0.1685797214532354
0.1685797214532354
0.1685797214532354
0.1685797214532354
0.1685797214532354
0.1685797214532354
0.1685797214532354
0.1685797214532354
0.1685797214532354
0.1685797214532354
0.1685797214532354
0.1685797214532354
0.1685797214532354
0.1685797214532354
0.1685797214532354
0.1685797214532354
0.1685797214532354
0.1685797214532354
0.1685797214532354
0.1685797214532354
0.1685797214532354
0.1685797214532354
0.1685797214532354
0.1685797214532354
0.1685797214532354
0.1685797214532354
0.1685797214532354
0.1685797214532354
0.1685797214532354
0.1685797214532354
0.1685797214532354
0.1685797214532354
0.1685797214532354
0.1685797214532354
0.1685797214532354
0.1685797214532354
0.1685797214532354
0.1685797214532354
0.1685797214532354
0.1685797214532354
0.1685797214532354
0.1685797214532354
0.1685797214532354
0.1685797214532354
0.1685797214532354
0.1685797214532354
0.1685797214532354
0.1685797214532354
0.1685797214532354
0.1685797214532354
0.1685797214532354
0.1685797214532354
0.1685797214532354
0.1685797214532354
0.1685797214532354
0.1685797214532354
0.1685797214532354
0.1685797214532354
0.1685797214532354
0.1685797214532354
0.1685797214532354
0.1685797214532354
0.1685797214532354
0.1685797214532354
0.1685797214532354
0.1685797214532354
0.1685797214532354
0.508630709037541
0.1685797214532354
0.1226347557565836
0.1685797214532354
0.13754509485482508
0.13150659324117456
0.1685797214532354
0.1685797214532354
0.1685797214532354
0.1685797214532354
0.14982738266105014
0.1685797214532354
0.1685797214532354
0.1685797214532354
0.1685797214532354
0.1685797214532354
0.1685797214532354
0.1685797214532354
0.1685797214532354
0.1685797214532354
0.1685797214532354
0.1685797214532354
0.1685797214532354
0.1685797214532354
0.1685797214532354
0.1685797214532354
0.1685797214532354
0.1685797214532354
0.1685797214532354
0.1685797214532354
0.1685797214532354
0.1685797214532354
0.1685797214532354
0.1685797214532354
0.1685797214532354
0.1685797214532354
0.1685797214532354
0.1685797214532354
0.1685797214532354
0.1685797214532354
0.1685797214532354
0.1685797214532354
0.1685797214532354
0.1685797214532354
0.1685797214532354
0.1685797214532354
0.1685797214532354
0.1685797214532354
0.1685797214532354
0.1685797214532354
0.1685797214532354
0.1685797214532354
0.1685797214532354
0.1685797214532354
0.1685797214532354
0.1685797214532354
0.1685797214532354
0.1685797214532354
0.1685797214532354
0.1685797214532354
0.1685797214532354
0.1685797214532354
0.1685797214532354
0.1685797214532354
0.1685797214532354
0.1685797214532354
0.1685797214532354
0.1685797214532354
0.1685797214532354
0.1685797214532354
0.1685797214532354
0.1685797214532354
0.1685797214532354
0.18558004366473502
0.3031527049583123
0.1685797214532354
0.12161858612422387
0.1575542193788282
0.1685797214532354
0.1685797214532354
0.1685797190754776
0.1685797214532354
0.1685797214532354
0.1685797214532354
0.1685797214532354
0.1685797214532354
0.1685797214532354
0.1685797214532354
0.1685797214532354
0.1685797214532354
0.1685797214532354
0.188393422758843
0.24233675002029317
0.7786821354241165
0.7441499362978344
0.754432948651411
0.7482884476871703
0.21132576185158816
0.21132576431696518
0.21132576431696518
0.21132576431696518
0.2113257666650201
0.20163379039417184
0.19876549602281307
0.19876549602281307
0.1889325806980773
0.1889325806980773
0.1889325806980773
0.18893258258013673
0.18893258258013673
0.1860325640241224
0.1860325640241224
0.1860325640241224
0.1860325640241224
0.18603256571977433
0.18603256571977433
0.18603256571977433
0.1831281902485136
0.1831281902485136
0.1831281902485136
0.1831281902485136
0.1831281902485136
0.1831281902485136
0.1831281902485136
0.1802205440664953
0.1802205440664953
0.1802205440664953
0.1802205440664953
0.1802205440664953
0.1802205440664953
0.1802205440664953
0.17731073795122854
0.17731073795122854
0.17731073795122854
0.17731073795122854
0.17731073795122854
0.17731073795122854
0.17731073795122854
0.174399899632767
0.174399899632767
0.174399899632767
0.174399899632767
0.174399899632767
0.174399899632767
0.174399899632767
0.1714891739740441
0.1714891739740441
0.1714891739740441
0.1714891739740441
0.1714891739740441
0.1714891739740441
0.1714891739740441
0.1685797214532354
0.1685797214532354
0.1685797214532354
0.1685797214532354
0.1685797214532354
0.1685797214532354
0.1685797214532354
0.1685797214532354
0.1685797214532354
0.1685797214532354
0.1685797214532354
0.1685797214532354
0.1685797214532354
0.1685797214532354
0.1685797214532354
0.1685797214532354
0.1685797214532354
0.1685797214532354
0.1685797214532354
0.1685797214532354
0.1685797214532354
0.1685797214532354
0.1685797214532354
0.1685797214532354
0.1685797214532354
0.1685797214532354
0.1685797214532354
0.1685797214532354
0.1685797214532354
0.1685797214532354
0.1685797214532354
0.1685797214532354
0.1685797214532354
0.1685797214532354
0.1685797214532354
0.1685797214532354
0.1685797214532354
0.1685797214532354
0.1685797214532354
0.1685797214532354
0.1685797214532354
0.1685797214532354
0.1685797214532354
0.1685797214532354
0.1685797214532354
0.1685797214532354
0.1685797214532354
0.1685797214532354
0.1685797214532354
0.1685797214532354
0.1685797214532354
0.1685797214532354
0.1685797214532354
0.1685797214532354
0.1685797214532354
0.1685797214532354
0.1685797214532354
0.1685797214532354
0.1685797214532354
0.1685797214532354
0.1685797214532354
0.1685797214532354
0.1685797214532354
0.1685797214532354
0.1685797214532354
0.1685797214532354
0.1685797214532354
0.1685797214532354
0.1685797214532354
0.1685797214532354
0.1685797214532354
0.1685797214532354
0.1685797214532354
0.1685797214532354
0.1685797214532354
0.1685797214532354
0.1685797214532354
0.1685797214532354
0.1685797214532354
0.1685797214532354
0.1685797214532354
0.1685797214532354
0.1685797214532354
0.1685797214532354
0.1685797214532354
0.1685797214532354
0.1685797214532354
0.1685797214532354
0.1685797214532354
0.1685797214532354
0.1685797214532354
0.1685797214532354
0.1685797214532354
0.1685797214532354
0.1685797214532354
0.1685797214532354
0.1685797214532354
0.1685797214532354
0.1685797214532354
0.1685797214532354
0.1685797214532354
0.1685797214532354
0.1685797214532354
0.1685797214532354
0.1685797214532354
0.1685797214532354
0.1685797214532354
0.1685797214532354
0.1685797214532354
0.1685797214532354
0.1685797214532354
0.1685797214532354
0.1685797214532354
0.1685797214532354
0.1685797214532354
0.1685797214532354
0.1685797214532354
0.1685797214532354
0.1685797214532354
0.1685797214532354
0.1685797214532354
0.1685797214532354
0.1685797214532354
0.1685797214532354
0.1685797214532354
0.1685797214532354
0.1685797214532354
0.1685797214532354
0.1685797214532354
0.1685797214532354
0.1685797214532354
0.1685797214532354
0.1685797214532354
0.1685797214532354
0.1685797214532354
0.1685797214532354
0.1685797214532354
0.1685797214532354
0.1685797214532354
0.1685797214532354
0.1685797214532354
0.1685797214532354
0.1685797214532354
0.1685797214532354
0.1685797214532354
0.1685797214532354
0.1685797214532354
0.1685797214532354
0.1685797214532354
0.1685797214532354
0.1685797214532354
0.1685797214532354
0.1685797214532354
0.1685797214532354
0.1685797214532354
0.1685797214532354
0.1685797214532354
0.1685797214532354
0.1685797214532354
0.1685797214532354
0.1685797214532354
0.1685797214532354
0.1685797214532354
0.1685797214532354
0.1685797214532354
0.1685797214532354
0.1685797214532354
0.1685797214532354
0.1685797214532354
0.1685797214532354
0.1685797214532354
0.1685797214532354
0.1685797214532354
0.1685797214532354
0.1685797214532354
0.1685797214532354
0.1685797214532354
0.1685797214532354
0.1685797214532354
0.1685797214532354
0.1685797214532354
0.1685797214532354
0.1685797214532354
0.1685797214532354
0.1685797214532354
0.1685797214532354
0.1685797214532354
0.1685797214532354
0.1685797214532354
0.1685797214532354
0.1685797214532354
0.1685797214532354
0.1685797214532354
0.1685797214532354
0.1685797214532354
0.1685797214532354
0.1685797214532354
0.1685797214532354
0.1580395421081208
0.6424154313641514
0.15279941245219636
0.6322088718087463
0.6183831641171916
0.6029799603406996
0.7779322447479796
0.1685797214532354
0.1685797214532354
0.1685797214532354
0.1685797214532354
0.1685797214532354
0.1685797214532354
0.1685797214532354
0.1685797214532354
0.1685797214532354
0.1685797214532354
0.1685797214532354
0.1685797214532354
0.1685797214532354
0.1685797214532354
0.1703887058130057
0.16178612112239554
0.16348235683584728
0.16433109339285146
0.1660296481796265
0.16518020084387566
0.166879404527365
0.1685797214532354
0.1685797214532354
0.1685797190754776
0.16857971948817374
0.1685797214532354
0.1685797214532354
0.1685797214532354
0.1226347557565836
0.1685797214532354
0.13150659324117456
0.143656098337417
0.1685797214532354
0.1685797214532354
0.1685797214532354
0.16857972012022301
0.16857972012022301
0.16857972046054215
0.23987479524177144
0.26136721489742876
0.16857972112698236
0.16178612112239554
0.1685797214532354
0.1685797214532354
0.1685797214532354
0.1685797214532354
0.1685797214532354
0.1685797214532354
0.1685797214532354
0.1685797214532354
0.1685797214532354
0.1685797214532354
0.1685797214532354
0.1685797214532354
0.1685797214532354
0.1685797214532354
0.1685797214532354
0.1685797214532354
0.1685797214532354
0.1685797214532354
0.1685797214532354
0.1685797214532354
0.1685797214532354
0.1685797214532354
0.1685797214532354
0.1685797214532354
0.1685797214532354
0.1685797214532354
0.179918325293834
0.3031527049583123
0.1685797214532354
0.28650415978381316
0.1685797214532354
0.2650541327510692
0.25986224007498493
0.25474779664072983
0.10006075083388426
0.16282048919897435
0.10004427526401055
0.14796887851386178
0.2112510723084373
0.10786559934068407
0.1558655950449276
0.12522421891365848
0.15586559874542724
0.1558655936635994
0.1567095826843953
0.11279230448150644
0.16857971551885903
0.16857971598933671
0.1685797150406117
0.1685797214532354
0.1685797175990732
0.1685797214532354
0.16857971797461682
0.1685797214532354
0.1685797214532354
0.1685797214532354
0.1685797214532354
0.1685797214532354
0.1685797214532354
0.1685797214532354
0.1685797214532354
0.1685797214532354
0.1685797214532354
0.1685797214532354
0.1685797214532354
0.1685797214532354
0.1685797214532354
0.1685797214532354
0.1685797214532354
0.1685797214532354
0.06673941991288719
0.1685797214532354
0.5044282619128707
0.1685797214532354
0.1685797214532354
0.1685797214532354
0.1685797214532354
0.1685797214532354
0.1685797214532354
0.1685797214532354
0.1685797214532354
0.1685797214532354
0.1685797214532354
0.16073936092593558
0.23488501064516648
0.1685797214532354
0.1685797214532354
0.1685797214532354
0.1685797214532354
0.1685797214532354
0.1685797214532354
0.1685797214532354
0.1685797214532354
0.1685797214532354
0.1685797214532354
0.1685797214532354
0.1685797214532354
0.1685797214532354
0.1685797214532354
0.1685797214532354
0.1685797214532354
0.1685797214532354
0.1685797214532354
0.1685797214532354
0.1685797214532354
0.1685797214532354
0.1685797214532354
0.1685797214532354
0.1685797214532354
0.1685797214532354
0.1685797214532354
0.1685797214532354
0.1685797214532354
0.1685797214532354
0.1685797214532354
0.1685797214532354
0.1685797214532354
0.1685797214532354
0.15888323718918945
0.15405910636333323
0.15405910636333323
0.15888323718918945
0.1685797214532354
0.1685797214532354
0.1685797214532354
0.1685797214532354
0.1685797214532354
0.1685797214532354
0.1685797214532354
0.1685797214532354
0.1685797214532354
0.1685797214532354
0.1685797214532354
0.1685797214532354
0.1685797214532354
0.1685797214532354
0.1685797214532354
0.1685797214532354
0.1685797214532354
0.1685797214532354
0.1685797214532354
0.1685797214532354
0.1685797214532354
0.1685797214532354
0.1685797214532354
0.1685797214532354
0.1685797214532354
0.1685797214532354
0.1685797214532354
0.1685797214532354
0.1685797214532354
0.1685797214532354
0.1685797214532354
0.1685797214532354
0.1685797214532354
0.1685797214532354
0.1685797214532354
0.1685797214532354
0.1685797214532354
0.1685797214532354
0.1685797214532354
0.1685797214532354
0.1685797214532354
0.1685797214532354
0.1685797214532354
0.1685797214532354
0.1685797214532354
0.1685797214532354
0.1685797214532354
0.1685797214532354
0.16857971989416515
0.1685797190754776
0.16857971948817374
0.16857971948817374
0.1685797214532354
0.1685797214532354
0.1685797214532354
0.1685797214532354
0.20808230605828854
0.245420740652755
0.22678198903237182
0.23764717207914404
0.1775312182792982
0.3127357406655353
0.05732746678847397
0.08492278029190777
0.08492278029190777
0.0849227795059121
0.0849227795059121
0.0849227795059121
0.06342766264317472
0.06342766264317472
0.09272681452970188
0.40727351870910555
0.02294670903100221
0.02294670928306341
0.02294670928306341
0.03292141351421221
0.03292141351421221
0.03292141383154868
0.046432949755574104
0.046432949755574104
0.06394484952150606
0.06394484952150606
0.06394485003484678
0.0855452754409955
0.0855452754409955
0.11082985081480988
0.11082985081480988
0.11082985081480988
0.13891321974420634
0.13891321974420634
0.1685797214532354
0.1685797214532354
0.1685797214532354
0.1685797214532354
0.1685797214532354
0.1685797214532354
0.1685797214532354
0.1685797214532354
0.1685797214532354
0.1685797214532354
0.1685797214532354
0.16284044438779274
0.15142717029385214
0.6401633386641189
0.25740330957490315
0.6237120518654342
0.19671491518848636
0.2250614342397912
0.7474899658197106
0.1685797214532354
0.1685797214532354
0.1685797214532354
0.1685797214532354
0.1685797214532354
0.1685797214532354
0.1685797214532354
0.1685797214532354
0.1685797214532354
0.1685797214532354
0.1685797214532354
0.1685797214532354
0.1685797214532354
0.1685797214532354
0.1685797214532354
0.1685797214532354
0.1685797214532354
0.1685797214532354
0.1685797214532354
0.1685797214532354
0.1685797214532354
0.1685797214532354
0.1685797214532354
0.1685797214532354
0.1685797214532354
0.1685797214532354
0.1685797214532354
0.1685797214532354
0.1685797214532354
0.1685797214532354
0.1685797214532354
0.1685797214532354
0.1838593371418721
0.1990412319891219
0.2714699813005408
0.2714699813005408
0.1685797214532354
0.21889662941884697
0.6131461630074585
0.2048208473273082
0.21042414410656085
0.1685797214532354
0.1685797214532354
0.1685797214532354
0.1685797214532354
0.1685797214532354
0.1685797214532354
0.1685797214532354
0.1685797214532354
0.1685797214532354
0.1685797214532354
0.1685797214532354
0.1685797214532354
0.1685797214532354
0.1685797214532354
0.1685797214532354
0.1685797214532354
0.3031527049583123
0.1685797214532354
0.1685797214532354
0.1685797214532354
0.1685797214532354
0.16518020084387566
0.16348235683584728
0.1660296481796265
0.1685797214532354
0.1685797214532354
0.1685797214532354
0.1685797214532354
0.1685797214532354
0.1685797214532354
0.1685797214532354
0.1685797214532354
0.1685797214532354
0.1685797214532354
0.1685797214532354
0.1685797214532354
0.1685797214532354
0.1685797214532354
0.1685797214532354
0.1685797214532354
0.1685797214532354
0.1685797214532354
0.1685797214532354
0.1685797214532354
0.1685797214532354
0.1685797214532354
0.1685797214532354
0.1685797214532354
0.1685797214532354
0.1685797214532354
0.1685797214532354
0.1685797214532354
0.1685797214532354
0.1685797214532354
0.1685797214532354
0.1685797214532354
0.1685797214532354
0.1685797214532354
0.1685797214532354
0.1685797214532354
0.1685797214532354
0.1685797214532354
0.1685797214532354
0.1685797214532354
0.1685797214532354
0.1685797214532354
0.1685797214532354
0.1685797214532354
0.15888323718918945
0.15888323718918945
0.15888323718918945
0.15888323718918945
0.16372531957310565
0.1685797214532354
0.1685797214532354
0.1685797214532354
0.1685797214532354
0.1685797214532354
0.1685797214532354
0.1685797214532354
0.1685797214532354
0.1685797214532354
0.03545768981894699
0.1685797214532354
0.1685797214532354
0.12460472819171552
0.12857732407522224
0.6401633386641189
0.1990412319891219
0.23106155212707383
0.6131461630074585
0.18670715997590526
0.7703090428615241
0.1685797214532354
0.1685797214532354
0.1685797214532354
0.1685797214532354
0.1685797214532354
0.1685797214532354
0.1685797214532354
0.1685797214532354
0.1685797214532354
0.1685797214532354
0.1685797214532354
0.1685797214532354
0.1685797214532354
0.1685797214532354
0.1685797214532354
0.1685797214532354
0.1685797214532354
0.1685797214532354
0.1685797214532354
0.1685797214532354
0.1685797214532354
0.1685797214532354
0.1685797214532354
0.1685797214532354
0.1685797214532354
0.1685797214532354
0.1685797214532354
0.1685797214532354
0.1685797214532354
0.1685797214532354
0.1685797214532354
0.1685797214532354
0.1685797214532354
0.1685797214532354
0.1685797214532354
0.1685797214532354
0.1685797214532354
0.1685797214532354
0.1685797214532354
0.1685797214532354
0.1685797214532354
0.1685797214532354
0.1685797214532354
0.1685797214532354
0.1685797214532354
0.1685797214532354
0.1685797214532354
0.1685797214532354
0.1685797214532354
0.1685797214532354
0.1685797214532354
0.1685797214532354
0.1685797214532354
0.1685797214532354
0.1685797214532354
0.1685797214532354
0.1685797214532354
0.1685797214532354
0.1685797214532354
0.1685797214532354
0.1685797214532354
0.1685797214532354
0.1685797214532354
0.16284044438779274
0.15142717029385214
0.6346110951898012
0.6401633386641189
0.23106155212707383
0.24903938934681516
0.6029799603406996
0.7823965650232578
0.1685797214532354
0.1685797214532354
0.1685797214532354
0.1685797214532354
0.1685797214532354
0.1685797214532354
0.1685797214532354
0.1685797214532354
0.1685797214532354
0.16518020084387566
0.1685797214532354
0.1685797214532354
0.1685797214532354
0.1685797214532354
0.1685797214532354
0.1685797214532354
0.1685797214532354
0.1685797214532354
0.1685797214532354
0.1685797214532354
0.1685797214532354
0.1685797214532354
0.1685797214532354
0.1685797214532354
0.1685797214532354
0.1685797214532354
0.1685797214532354
0.1685797214532354
0.1685797214532354
0.1685797214532354
0.1685797214532354
0.1685797214532354
0.1685797214532354
0.1685797214532354
0.1685797214532354
0.1685797214532354
0.1685797214532354
0.1685797214532354
0.1685797214532354
0.1685797214532354
0.1685797214532354
0.1685797214532354
0.1685797214532354
0.1685797214532354
0.1685797214532354
0.1685797214532354
0.1685797214532354
0.1685797214532354
0.1685797214532354
0.1685797214532354
0.1685797214532354
0.1685797214532354
0.1685797214532354
0.1685797214532354
0.1685797214532354
0.1685797214532354
0.1685797214532354
0.1685797214532354
0.1685797214532354
0.1685797214532354
0.1580395421081208
0.6424154313641514
0.6475888397171098
0.6183831641171916
0.6080091925127082
0.7703090428615241
0.16084731023968254
0.1685797214532354
0.1685797214532354
0.1685797214532354
0.1685797214532354
0.1685797214532354
0.1685797214532354
0.1685797214532354
0.1685797214532354
0.1685797214532354
0.1685797214532354
0.1685797214532354
0.1685797214532354
0.1685797214532354
0.1685797214532354
0.1685797214532354
0.1685797214532354
0.1685797214532354
0.1685797214532354
0.1685797214532354
0.1685797214532354
0.1685797214532354
0.1685797214532354
0.1685797214532354
0.1685797214532354
0.1685797214532354
0.1685797214532354
0.1685797214532354
0.1685797214532354
0.1685797214532354
0.1685797214532354
0.1685797214532354
0.1685797214532354
0.1685797214532354
0.1685797214532354
0.1685797214532354
0.1685797214532354
0.1685797214532354
0.1685797214532354
0.1685797214532354
0.1685797214532354
0.1685797214532354
0.1685797214532354
0.1685797214532354
0.1685797214532354
0.1685797214532354
0.1685797214532354
0.1685797214532354
0.1685797214532354
0.1685797214532354
0.1685797214532354
0.1685797214532354
0.1685797214532354
0.1685797214532354
0.1685797214532354
0.1685797214532354
0.1685797214532354
0.1685797214532354
0.1685797214532354
0.16330206133405908
0.1580395421081208
0.15279941245219636
0.15279941245219636
0.6475888397171098
0.6322088718087463
0.6271901061795074
0.6173565068580423
0.5560082861552973
0.5466929797532908
0.1685797214532354
0.1685797214532354
0.1685797214532354
0.1685797214532354
0.1685797214532354
0.1685797214532354
0.1685797214532354
0.1685797214532354
0.1685797214532354
0.1685797214532354
0.1685797214532354
0.1685797214532354
0.1685797214532354
0.1685797214532354
0.1685797214532354
0.1685797214532354
0.1685797214532354
0.1685797214532354
0.1685797214532354
0.1685797214532354
0.1685797214532354
0.1685797214532354
0.1685797214532354
0.1685797214532354
0.1685797214532354
0.1685797214532354
0.1685797214532354
0.1685797214532354
0.1685797214532354
0.1685797214532354
0.1685797214532354
0.1685797214532354
0.1685797214532354
0.1685797214532354
0.1685797214532354
0.1685797214532354
0.1685797214532354
0.1685797214532354
0.1685797214532354
0.1685797214532354
0.1685797214532354
0.1685797214532354
0.1685797214532354
0.1685797214532354
0.1685797214532354
0.1685797214532354
0.1685797214532354
0.1685797214532354
0.1685797214532354
0.1685797214532354
0.1685797214532354
0.1685797214532354
0.1685797214532354
0.1685797214532354
0.1685797214532354
0.1685797214532354
0.1685797214532354
0.1685797214532354
0.1685797214532354
0.1685797214532354
0.1685797214532354
0.1685797214532354
0.1685797214532354
0.1685797214532354
0.1685797214532354
0.1685797214532354
0.1685797214532354
0.1685797214532354
0.1685797214532354
0.1685797214532354
0.1685797214532354
0.16230148099467165
0.16230148099467165
0.16230148099467165
0.1685797214532354
0.1685797214532354
0.1685797214532354
0.1685797214532354
0.1685797214532354
0.1685797214532354
0.1685797214532354
0.1685797214532354
0.1685797214532354
0.1685797214532354
0.1685797214532354
0.1685797214532354
0.1685797214532354
0.1685797214532354
0.1685797214532354
0.1685797214532354
0.1685797214532354
0.1685797214532354
0.1685797214532354
0.1685797214532354
0.1685797214532354
0.1685797214532354
0.1685797214532354
0.1685797214532354
0.1685797214532354
0.1685797214532354
0.1685797214532354
0.1685797214532354
0.1685797214532354
0.1685797214532354
0.1685797214532354
0.1685797214532354
0.1685797214532354
0.1685797214532354
0.1685797214532354
0.1685797214532354
0.1685797214532354
0.1685797214532354
0.1685797214532354
0.1685797214532354
0.1685797214532354
0.1685797214532354
0.1685797214532354
0.1685797214532354
0.1685797214532354
0.1685797214532354
0.1685797214532354
0.1685797214532354
0.1685797214532354
0.1685797214532354
0.1685797214532354
0.1685797214532354
0.1685797214532354
0.1685797214532354
0.1685797214532354
0.1685797214532354
0.1685797214532354
0.1685797214532354
0.1685797214532354
0.1685797214532354
0.1685797214532354
0.1685797214532354
0.1685797214532354
0.1685797214532354
0.1685797214532354
0.1685797214532354
0.1685797214532354
0.1685797214532354
0.1685797214532354
0.1685797214532354
0.1685797214532354
0.1685797214532354
0.1685797214532354
0.1685797214532354
0.1685797214532354
0.1685797214532354
0.1685797214532354
0.1685797214532354
0.1685797214532354
0.1685797214532354
0.1685797214532354
0.1685797214532354
0.1685797214532354
0.1685797214532354
0.1685797214532354
0.1685797214532354
0.1685797214532354
0.1685797214532354
0.1685797214532354
0.1685797214532354
0.1685797214532354
0.1685797214532354
0.1685797214532354
0.1685797214532354
0.1685797214532354
0.1685797214532354
0.1685797214532354
0.1685797214532354
0.1685797214532354
0.1685797214532354
0.1685797214532354
0.1685797214532354
0.1685797214532354
0.1685797214532354
0.1685797214532354
0.1685797214532354
0.1685797214532354
0.1685797214532354
0.1685797214532354
0.1685797214532354
0.1685797214532354
0.1685797214532354
0.1685797214532354
0.1685797214532354
0.1685797214532354
0.1685797214532354
0.1685797214532354
0.1685797214532354
0.1685797214532354
0.1685797214532354
0.1685797214532354
0.1685797214532354
0.1685797214532354
0.1685797214532354
0.19173664572307128
0.24535699760976468
0.20163056291603065
0.12540680650352834
0.09164091728923685
0.0886568730280807
0.09946753523806277
0.10731955714525582
0.12058909539812374
0.2336477458504444
0.26635249084533497
0.1953650770520184
0.18567565003691194
0.10870288556005753
0.136605498188501
0.10021856240648483
0.10021856240648483
0.1273039400455103
0.0920751616698107
0.08430257638827246
0.056848659399839095
0.03655161423314427
0.05122060903119284
0.032614212352226384
0.032614212352226384
0.02904904853247846
0.010939690340652918
0.015849254654935502
0.015849254843965148
0.02294670903100221
0.02294670928306341
0.02294670928306341
0.03292141318217598
0.03292141351421221
0.03292141383154868
0.046432949755574104
0.046432949755574104
0.046432949755574104
0.06394484952150606
0.06394485003484678
0.0855452754409955
0.0855452754409955
0.0855452754409955
0.11082985081480988
0.11082985081480988
0.13891321974420634
0.13891321974420634
0.13891321974420634
0.1685797214532354
0.1685797214532354
0.1685797214532354
0.1685797214532354
0.1685797214532354
0.1685797214532354
0.1685797214532354
0.1685797214532354
0.1685797214532354
0.1685797214532354
0.1685797214532354
0.1685797214532354
0.1685797214532354
0.1685797214532354
0.1685797214532354
0.1685797214532354
0.1685797214532354
0.1685797214532354
0.1685797214532354
0.1685797214532354
0.1685797214532354
0.1685797214532354
0.1685797214532354
0.1685797214532354
0.1685797214532354
0.1685797214532354
0.1685797214532354
0.1685797214532354
0.1685797214532354
0.1685797214532354
0.1685797214532354
0.1685797214532354
0.1685797214532354
0.1685797214532354
0.1685797214532354
0.1685797214532354
0.3031527049583123
0.1685797214532354
0.14672875946160896
0.1575542193788282
0.16857971690748577
0.16857971779604433
0.1685797190754776
0.1685797214532354
0.1685797214532354
0.1685797214532354
0.1685797214532354
0.1685797214532354
0.1685797214532354
0.1685797214532354
0.1685797214532354
0.1685797214532354
0.1685797214532354
0.1685797214532354
0.1685797214532354
0.1685797214532354
0.1685797214532354
0.1685797214532354
0.1685797214532354
0.1685797214532354
0.1685797214532354
0.1685797214532354
0.1685797214532354
0.1685797214532354
0.1685797214532354
0.1685797214532354
0.1685797214532354
0.1685797214532354
0.1685797214532354
0.1685797214532354
0.1685797214532354
0.1685797214532354
0.2920105494435254
0.28650415978381316
0.1685797214532354
0.1685797214532354
0.1685797214532354
0.25474779664072983
0.25474779664072983
0.2650541327510692
0.25474779664072983
0.11543907635555606
0.11013512602090786
0.1575542193788282
0.1575542193788282
0.12472781723223195
0.1575542193788282
0.14794500107410774
0.1435991389944963
0.1333694067307108
0.13255542029167133
0.13255542029167133
0.15839947996128087
0.15839947996128087
0.1575542193788282
0.1567095826843953
0.1567095826843953
0.12547421045898335
0.1558655929349719
0.16857971551885903
0.16857971598933671
0.16857971551885903
0.16857971683194656
0.16857971644021175
0.16857971683194656
0.16857971721820822
0.1083125380671637
0.1685797214532354
0.11969483112796565
0.1255526056030892
0.13754509485482508
0.14982738266105014
0.16230148099467165
0.1685797214532354
0.1685797214532354
0.1685797214532354
0.1685797214532354
0.1685797214532354
0.1685797214532354
0.1685797214532354
0.1685797214532354
0.1685797214532354
0.1685797214532354
0.1685797214532354
0.1685797214532354
0.1685797214532354
0.1685797214532354
0.1685797214532354
0.1685797214532354
0.1685797214532354
0.1685797214532354
0.1685797214532354
0.1685797214532354
0.1685797214532354
0.1685797214532354
0.1685797214532354
0.1685797214532354
0.1685797214532354
0.1685797214532354
0.1685797214532354
0.1685797214532354
0.1685797214532354
0.1685797214532354
0.1685797214532354
0.1685797214532354
0.1685797214532354
0.1685797214532354
0.1685797214532354
0.1685797214532354
0.1685797214532354
0.1685797214532354
0.1685797214532354
0.5004828660136378
0.5004604365542946
0.5004347325517915
0.0822556776782489
0.30349062746215866
0.09222403676883413
0.1083125380671637
0.09744321677069184
0.10531720820599554
0.09601593032929889
0.11240832902981762
0.11921684935473487
0.13150659324117456
0.13754509485482508
0.1685797190754776
0.1685797214532354
0.16230148099467165
0.1685797214532354
0.1685797214532354
0.1685797214532354
0.1685797214532354
0.1685797214532354
0.1685797214532354
0.1685797214532354
0.1685797214532354
0.1685797214532354
0.1685797214532354
0.1685797214532354
0.1685797214532354
0.1685797214532354
0.1685797214532354
0.1685797214532354
0.1685797214532354
0.1685797214532354
0.1685797214532354
0.1685797214532354
0.1685797214532354
0.1685797214532354
0.1685797214532354
0.1685797214532354
0.1685797214532354
0.1685797214532354
0.1685797214532354
0.1685797214532354
0.1685797214532354
0.1685797214532354
0.1685797214532354
0.1685797214532354
0.1685797214532354
0.1685797214532354
0.1685797214532354
0.1685797214532354
0.1685797214532354
0.1685797214532354
0.1685797214532354
0.1685797214532354
0.1685797214532354
0.1685797214532354
0.1685797214532354
0.1685797214532354
0.1685797214532354
0.1685797214532354
0.1685797214532354
0.1685797214532354
0.1685797214532354
0.1685797214532354
0.1685797214532354
0.1685797214532354
0.1685797214532354
0.1685797214532354
0.1685797214532354
0.1685797214532354
0.1685797214532354
0.1685797214532354
0.1685797214532354
0.1685797214532354
0.1685797214532354
0.1685797214532354
0.1685797214532354
0.1685797214532354
0.1685797214532354
0.1685797214532354
0.1685797214532354
0.1685797214532354
0.1685797214532354
0.1685797214532354
0.1685797214532354
0.1685797214532354
0.1685797214532354
0.1685797214532354
0.1685797214532354
0.1685797214532354
0.1685797214532354
0.1685797214532354
0.1685797214532354
0.1685797214532354
0.1685797214532354
0.1685797214532354
0.1685797214532354
0.1685797214532354
0.1685797214532354
0.1685797214532354
0.1685797214532354
0.1685797214532354
0.1685797214532354
0.1742487424792906
0.1685797214532354
0.1685797214532354
0.1685797214532354
0.21695388953694658
0.23863302456915217
0.1685797214532354
0.1685797214532354
0.1685797214532354
0.1685797214532354
0.1685797214532354
0.1685797214532354
0.1685797214532354
0.1685797214532354
0.1685797214532354
0.1685797214532354
0.1685797214532354
0.21695388953694658
0.1685797214532354
0.1685797214532354
0.1685797214532354
0.1685797214532354
0.16772943915131996
0.1685797214532354
0.1685797214532354
0.1685797214532354
0.1685797214532354
0.1685797214532354
0.166879404527365
0.1660296481796265
0.16518020084387566
0.1685797214532354
0.1685797214532354
0.1685797214532354
0.168579718655966
0.1685797214532354
0.1685797214532354
0.16857972046054215
0.16857972112698236
0.1685797214532354
0.1685797214532354
0.1685797214532354
0.1685797214532354
0.1685797214532354
0.1685797214532354
0.1685797214532354
0.1685797214532354
0.1685797214532354
0.1685797214532354
0.1685797214532354
0.1685797214532354
0.1685797214532354
0.1685797214532354
0.1685797214532354
0.1685797214532354
0.1685797214532354
0.1685797214532354
0.1685797214532354
0.1685797214532354
0.1685797214532354
0.1685797214532354
0.1685797214532354
0.1685797214532354
0.1685797214532354
0.1685797214532354
0.1685797214532354
0.1685797214532354
0.1685797214532354
0.1685797214532354
0.1685797214532354
0.1685797214532354
0.1685797214532354
0.1685797214532354
0.1685797214532354
0.1685797214532354
0.1685797214532354
0.1685797214532354
0.1685797214532354
0.1685797214532354
0.1685797214532354
0.1685797214532354
0.1685797214532354
0.1685797214532354
0.1685797214532354
0.1685797214532354
0.1685797214532354
0.1685797214532354
0.1685797214532354
0.1685797214532354
0.1685797214532354
0.1685797214532354
0.1685797214532354
0.1685797214532354
0.1685797214532354
0.1685797214532354
0.1685797214532354
0.1685797214532354
0.1685797214532354
0.1685797214532354
0.1685797214532354
0.1685797214532354
0.1685797214532354
0.1685797214532354
0.1685797214532354
0.1685797214532354
0.1685797214532354
0.1685797214532354
0.1685797214532354
0.1685797214532354
0.1685797214532354
0.1685797214532354
0.1685797214532354
0.1685797214532354
0.1685797214532354
0.1685797214532354
0.1685797214532354
0.1685797214532354
0.1685797214532354
0.1685797214532354
0.1685797214532354
0.1685797214532354
0.1685797214532354
0.1685797214532354
0.1464359249552728
0.13918056221010086
0.3608197047617591
0.367978231936764
0.1685797214532354
0.367978231936764
0.1685797214532354
0.37501997380920615
0.1464359249552728
0.38192558132637655
0.2428713635585723
0.19671491518848636
0.17740820818159048
0.16084731023968254
0.20352594188783152
0.1685797214532354
0.1685797214532354
0.1685797214532354
0.1685797214532354
0.1685797214532354
0.1685797214532354
0.1685797214532354
0.1685797214532354
0.1685797214532354
0.1685797214532354
0.1685797214532354
0.1685797214532354
0.1685797214532354
0.1685797214532354
0.1685797214532354
0.1685797214532354
0.1685797214532354
0.1685797214532354
0.1685797214532354
0.1685797214532354
0.1685797214532354
0.1685797214532354
0.1685797214532354
0.1685797214532354
0.1685797214532354
0.1685797214532354
0.1685797214532354
0.1685797214532354
0.1685797214532354
0.1685797214532354
0.1685797214532354
0.1685797214532354
0.1685797214532354
0.1685797214532354
0.1685797214532354
0.1685797214532354
0.1685797214532354
0.1685797214532354
0.1685797214532354
0.1685797214532354
0.1685797214532354
0.1685797214532354
0.1685797214532354
0.1685797214532354
0.1685797214532354
0.1685797214532354
0.1685797214532354
0.1685797214532354
0.1685797214532354
0.1685797214532354
0.1685797214532354
0.1685797214532354
0.1685797214532354
0.1685797214532354
0.1685797214532354
0.1685797214532354
0.1685797214532354
0.1685797214532354
0.1685797214532354
0.1685797214532354
0.1685797214532354
0.1685797214532354
0.1685797214532354
0.1685797214532354
0.1685797214532354
0.1685797214532354
0.1685797214532354
0.1685797214532354
0.1685797214532354
0.1685797214532354
0.1685797214532354
0.1685797214532354
0.1685797214532354
0.1685797214532354
0.1685797214532354
0.1685797214532354
0.1685797214532354
0.1685797214532354
0.1685797214532354
0.16009174450278205
0.15924533232501933
0.1685797214532354
0.16857971645217087
0.1685797175990732
0.16857971834491356
0.1685797214532354
0.1685797214532354
0.1685797214532354
0.1685797214532354
0.1685797214532354
0.1685797214532354
0.1685797214532354
0.1685797214532354
0.1685797214532354
0.1685797214532354
0.1685797214532354
0.1685797214532354
0.1685797214532354
0.1685797214532354
0.1685797214532354
0.1685797214532354
0.1685797214532354
0.1685797214532354
0.1685797214532354
0.1685797214532354
0.1685797214532354
0.30877450528227046
0.1685797214532354
0.1685797214532354
0.1685797214532354
0.1685797214532354
0.1685797214532354
0.1685797214532354
0.1685797214532354
0.1685797214532354
0.1685797214532354
0.1685797214532354
0.1685797214532354
0.1685797214532354
0.1685797214532354
0.1685797214532354
0.1685797214532354
0.1685797214532354
0.1685797214532354
0.1685797214532354
0.1685797214532354
0.1685797214532354
0.1685797214532354
0.1685797214532354
0.1685797214532354
0.1685797214532354
0.1685797214532354
0.1685797214532354
0.1685797214532354
0.1685797214532354
0.1685797214532354
0.1685797214532354
0.1685797214532354
0.1685797214532354
0.1685797214532354
0.1685797214532354
0.1685797214532354
0.1685797214532354
0.1685797214532354
0.1685797214532354
0.1685797214532354
0.1685797214532354
0.1685797214532354
0.1685797214532354
0.1685797214532354
0.1685797214532354
0.1685797214532354
0.1685797214532354
0.1685797214532354
0.1685797214532354
0.1685797214532354
0.16433109339285146
0.1685797214532354
0.1685797214532354
0.16857972029356072
0.1685797214532354
0.1685797214532354
0.1685797214532354
0.1685797214532354
0.1685797214532354
0.1685797214532354
0.16330206133405908
0.15279941245219636
0.6424154313641514
0.6424154313641514
0.6237120518654342
0.6080091925127082
0.7441086417483347
0.7895760400534894
0.1685797214532354
0.1685797214532354
0.1685797214532354
0.1685797214532354
0.1685797214532354
0.1685797214532354
0.1685797214532354
0.1685797214532354
0.1685797214532354
0.1685797214532354
0.1685797214532354
0.1685797214532354
0.1685797214532354
0.1685797214532354
0.1685797214532354
0.1685797214532354
0.1685797214532354
0.1685797214532354
0.1685797214532354
0.1685797214532354
0.1685797214532354
0.1685797214532354
0.1685797214532354
0.1685797214532354
0.1685797214532354
0.1685797214532354
0.1685797214532354
0.1685797214532354
0.1685797214532354
0.1685797214532354
0.1685797214532354
0.1685797214532354
0.1685797214532354
0.1685797214532354
0.1685797214532354
0.1685797214532354
0.1685797214532354
0.1685797214532354
0.1685797214532354
0.1685797214532354
0.1685797214532354
0.1685797214532354
0.1685797214532354
0.1685797214532354
0.1685797214532354
0.1685797214532354
0.1685797214532354
0.1685797214532354
0.1685797214532354
0.1685797214532354
0.1685797214532354
0.1685797214532354
0.2975623285655433
0.2810495529331979
0.27031919196557
0.12161858612422387
0.10802327103676071
0.1550222998692501
0.1129766153353803
0.1550222998692501
0.1685797150406117
0.1685797150406117
0.16857971598933671
0.16857971598933671
0.16857971645217087
0.15839947996128087
0.1685797214532354
0.16857971735540356
0.1685797214532354
0.16857971822952636
0.1685797214532354
0.1685797214532354
0.1685797214532354
0.1685797214532354
0.1685797214532354
0.1685797214532354
0.1685797214532354
0.1685797214532354
0.1685797214532354
0.1685797214532354
0.1685797214532354
0.1685797214532354
0.1685797214532354
0.1685797214532354
0.1685797214532354
0.1685797214532354
0.1685797214532354
0.1685797214532354
0.1685797214532354
0.1685797214532354
0.1685797214532354
0.1685797214532354
0.1685797214532354
0.1685797214532354
0.1685797214532354
0.1685797214532354
0.1685797214532354
0.1685797214532354
0.1685797214532354
0.1685797214532354
0.1685797214532354
0.1685797214532354
0.1685797214532354
0.1685797214532354
0.1685797214532354
0.1685797214532354
0.1685797214532354
0.1685797214532354
0.1685797214532354
0.1685797214532354
0.1685797214532354
0.1685797214532354
0.1685797214532354
0.1685797214532354
0.1685797214532354
0.1685797214532354
0.1685797214532354
0.1685797214532354
0.1685797214532354
0.1685797214532354
0.1685797214532354
0.1685797214532354
0.1685797214532354
0.1685797214532354
0.1685797214532354
0.1685797214532354
0.1685797214532354
0.1685797214532354
0.1685797214532354
0.1685797214532354
0.1685797214532354
0.1685797214532354
0.1685797214532354
0.1685797214532354
0.1685797214532354
0.1685797214532354
0.1685797214532354
0.1685797214532354
0.1685797214532354
0.1685797214532354
0.1685797214532354
0.1685797214532354
0.1685797214532354
0.1685797214532354
0.1685797214532354
0.1685797214532354
0.1685797214532354
0.1685797214532354
0.1685797214532354
0.1685797214532354
0.1685797214532354
0.1685797214532354
0.1685797214532354
0.1685797214532354
0.1685797214532354
0.1685797214532354
0.1685797214532354
0.1685797214532354
0.1685797214532354
0.1685797214532354
0.1685797214532354
0.1685797214532354
0.1685797214532354
0.1685797214532354
0.1685797214532354
0.1685797214532354
0.1685797214532354
0.1685797214532354
0.1685797214532354
0.1685797214532354
0.1685797214532354
0.1685797214532354
0.1685797214532354
0.1685797214532354
0.1685797214532354
0.1685797214532354
0.1685797214532354
0.1685797214532354
0.1685797214532354
0.1685797214532354
0.1685797214532354
0.1685797214532354
0.1685797214532354
0.1685797214532354
0.1685797214532354
0.1685797214532354
0.1685797214532354
0.1685797214532354
0.1685797214532354
0.1685797214532354
0.1685797214532354
0.1685797214532354
0.1685797214532354
0.1685797214532354
0.1685797214532354
0.1685797214532354
0.1685797214532354
0.1685797214532354
0.1685797214532354
0.1685797214532354
0.1685797214532354
0.1685797214532354
0.1685797214532354
0.1685797214532354
0.1685797214532354
0.1685797214532354
0.1685797214532354
0.1685797214532354
0.1685797214532354
0.1685797214532354
0.1685797214532354
0.1685797214532354
0.1685797214532354
0.1685797214532354
0.1685797214532354
0.1685797214532354
0.16857972068646765
0.16857972107299127
0.16857972068646765
0.16857971989416515
0.1685797214532354
0.1685797214532354
0.1685797214532354
0.1685797214532354
0.16857972046054215
0.16857972112698236
0.1685797214532354
0.1685797214532354
0.1685797214532354
0.1685797214532354
0.1685797214532354
0.1685797214532354
0.20808230725502241
0.20086401455450517
0.2540155946757351
0.2772371555305855
0.1088604647051951
0.12939961666993285
0.3127357406655353
0.0849227795059121
0.0849227795059121
0.11895710296342613
0.09272681547034878
0.09272681452970188
0.09272681452970188
0.09272681452970188
0.40727351870910555
0.015849254843965148
0.02294670928306341
0.02294670928306341
0.03292141318217598
0.03292141351421221
0.03292141351421221
0.046432949755574104
0.046432949755574104
0.06394484898438617
0.06394484952150606
0.06394484952150606
0.0855452754409955
0.0855452754409955
0.11082985081480988
0.11082985081480988
0.11082985081480988
0.13891321974420634
0.13891321974420634
0.1685797214532354
0.1685797214532354
0.1685797214532354
0.1685797214532354
0.1685797214532354
0.1685797214532354
0.1685797214532354
0.1685797214532354
0.1685797214532354
0.1685797214532354
0.1685797214532354
0.1685797214532354
0.1685797214532354
0.1685797214532354
0.1685797214532354
0.1685797214532354
0.1685797214532354
0.1685797214532354
0.1685797214532354
0.1685797214532354
0.1685797214532354
0.1685797214532354
0.1685797214532354
0.1685797214532354
0.1685797214532354
0.1685797214532354
0.1685797214532354
0.1685797214532354
0.1685797214532354
0.1685797214532354
0.1685797214532354
0.1685797214532354
0.1685797214532354
0.1685797214532354
0.1685797214532354
0.1685797214532354
0.1685797214532354
0.1685797214532354
0.1685797214532354
0.1685797214532354
0.1685797214532354
0.1685797214532354
0.1685797214532354
0.1685797214532354
0.1685797214532354
0.1685797214532354
0.1685797214532354
0.1685797214532354
0.1685797214532354
0.1685797214532354
0.1685797214532354
0.1685797214532354
0.1685797214532354
0.1685797214532354
0.1685797214532354
0.1685797214532354
0.1685797214532354
0.1685797214532354
0.1685797214532354
0.1685797214532354
0.1685797214532354
0.1685797214532354
0.1685797214532354
0.1685797214532354
0.1685797214532354
0.1685797214532354
0.1685797214532354
0.1685797214532354
0.1685797214532354
0.1685797214532354
0.1685797214532354
0.1685797214532354
0.1685797214532354
0.1685797214532354
0.1685797214532354
0.1685797214532354
0.1685797214532354
0.1685797214532354
0.1685797214532354
0.1685797214532354
0.1685797214532354
0.1685797214532354
0.1685797214532354
0.1685797214532354
0.1685797214532354
0.1685797214532354
0.1685797214532354
0.1685797214532354
0.1685797214532354
0.1685797214532354
0.1685797214532354
0.1685797214532354
0.1685797214532354
0.1685797214532354
0.1685797214532354
0.1685797214532354
0.1685797214532354
0.1685797214532354
0.1685797214532354
0.1685797214532354
0.1685797214532354
0.1685797214532354
0.1685797214532354
0.1685797214532354
0.1685797214532354
0.1685797214532354
0.1685797214532354
0.1685797214532354
0.1685797214532354
0.1685797214532354
0.1685797214532354
0.1685797214532354
0.1685797214532354
0.1685797214532354
0.1685797214532354
0.1685797214532354
0.1685797214532354
0.1685797214532354
0.1685797214532354
0.1685797214532354
0.1685797214532354
0.1685797214532354
0.1685797214532354
0.1685797214532354
0.1685797214532354
0.1685797214532354
0.1685797214532354
0.1685797214532354
0.1685797214532354
0.1685797214532354
0.1685797214532354
0.1685797214532354
0.1685797214532354
0.1685797214532354
0.1685797214532354
0.1685797214532354
0.1685797214532354
0.1685797214532354
0.1685797214532354
0.21036841489237984
0.28311862365838825
0.14316839510060267
0.09835434221879316
0.11601591083785368
0.1472615693865721
0.2656134330668107
0.3707691225859925
0.08430257781434705
0.03655161423314427
0.05122060903119284
0.032614212352226384
0.032614212352226384
0.04602482908226744
0.01788011417142104
0.010939690340652918
0.015849254654935502
0.015849254654935502
0.02294670903100221
0.02294670928306341
0.03292141318217598
0.03292141351421221
0.03292141383154868
0.046432949755574104
0.046432949755574104
0.046432949755574104
0.06394484952150606
0.06394485003484678
0.06394485003484678
0.0855452754409955
0.0855452754409955
