0.38326807065675306
0.11629013029193828
0.11629013029193828
0.11629013029193828
0.11629013029193828
0.11629013029193828
0.11629013029193828
0.11629013029193828
0.11629013029193828
0.11629013029193828
0.11629013029193828
0.11629013029193828
0.11629013029193828
0.11629013029193828
0.11629013029193828
0.11629013029193828
0.11629013029193828
0.11629013029193828
0.11629013029193828
0.11629013029193828
0.11629013029193828
0.11629013029193828
0.11629013029193828
0.11629013029193828
0.11629013029193828
0.11629013029193828
0.11629013029193828
0.11629013029193828
0.11629013029193828
0.11629013029193828
0.11629013029193828
0.11629013029193828
0.11629013029193828
0.11629013029193828
0.11629013029193828
0.11629013029193828
0.11629013029193828
0.11629013029193828
0.11629013029193828
0.6162928050025793
0.6162941948640168
0.11629013029193828
0.11631090563453686
0.11631354796956798
0.11629013029193828
0.1163036633395284
0.11630838105507188
0.11629298979190227
0.11629104672187696
0.11629298979190227
0.11629104672187696
0.11629298979190227
0.11629013029193828
0.6162941948640168
0.11629013029193828
0.11631920942585028
0.11629850145834252
0.1162992957305672
0.11629013029193828
0.11629331473682467
0.11630292907821828
0.11629772331943848
0.11629621398742701
0.11629013029193828
0.11629013029193828
0.11629013029193828
0.11629013029193828
0.11629013029193828
0.11629013029193828
0.11629013029193828
0.11629013029193828
0.11629013029193828
0.11629013029193828
0.11629013029193828
0.11629013029193828
0.11629013029193828
0.11629013029193828
0.11629013029193828
0.11629013029193828
0.11629013029193828
0.11629013029193828
0.11629013029193828
0.11629013029193828
0.11629013029193828
0.11629013029193828
0.11629013029193828
0.11629013029193828
0.11629013029193828
0.11629013029193828
0.11629013029193828
0.11629013029193828
0.11629013029193828
0.11629013029193828
0.11629013029193828
0.11629013029193828
0.11629013029193828
0.11629013029193828
0.11629013029193828
0.11629013029193828
0.11629013029193828
0.11629013029193828
0.11629013029193828
0.11629013029193828
0.11629013029193828
0.11629013029193828
0.11629013029193828
0.11629013029193828
0.11629013029193828
0.11629013029193828
0.11629013029193828
0.11629013029193828
0.11629013029193828
0.11629013029193828
0.11629013029193828
0.11629013029193828
0.11629013029193828
0.11629013029193828
0.11629013029193828
0.11629013029193828
0.11629013029193828
0.11629013029193828
0.11629013029193828
0.11629013029193828
0.11629013029193828
0.11629013029193828
0.11629013029193828
0.11629013029193828
0.11629013029193828
0.11629013029193828
0.11629013029193828
0.11629013029193828
0.11629013029193828
0.11629013029193828
0.11629013029193828
0.11629013029193828
0.11629013029193828
0.11629013029193828
0.11629013029193828
0.11629013029193828
0.11629013029193828
0.11629013029193828
0.11629013029193828
0.11629013029193828
0.11629013029193828
0.11629013029193828
0.11629013029193828
0.11629013029193828
0.11629013029193828
0.11629013029193828
0.11629013029193828
0.11629013029193828
0.11629013029193828
0.11629013029193828
0.11629013029193828
0.11629013029193828
0.11629013029193828
0.11629013029193828
0.11629013029193828
0.11629013029193828
0.11629013029193828
0.11629013029193828
0.11629013029193828
0.11629013029193828
0.11629013029193828
0.11629013029193828
0.11629013029193828
0.11629013029193828
0.11629013029193828
0.11629013029193828
0.11629013029193828
0.11629013029193828
0.11629013029193828
0.11629013029193828
0.11629013029193828
0.11629013029193828
0.11629013029193828
0.11629013029193828
0.11629013029193828
0.11629013029193828
0.11629013029193828
0.11629013029193828
0.11629013029193828
0.11629013029193828
0.11629013029193828
0.11629013029193828
0.11629013029193828
0.11629013029193828
0.11629013029193828
0.11629013029193828
0.11629013029193828
0.11629013029193828
0.11629013029193828
0.11629013029193828
0.11629013029193828
0.11629013029193828
0.11629013029193828
0.11629013029193828
0.11629013029193828
0.11629013029193828
0.11629013029193828
0.11629013029193828
0.11629013029193828
0.11629013029193828
0.11629013029193828
0.11629013029193828
0.11629013029193828
0.11629013029193828
0.11629013029193828
0.11629013029193828
0.1162920332745486
0.11629410049308962
0.6162963458661739
0.6162975431270818
0.6163012080824837
0.6163052501765611
0.6163297522559349
0.11629013029193828
0.11629013029193828
0.11629013029193828
0.11629013029193828
0.11629013029193828
0.11629013029193828
0.11629013029193828
0.11629013029193828
0.11629013029193828
0.11629013029193828
0.11629013029193828
0.11629013029193828
0.11629013029193828
0.11629013029193828
0.11629013029193828
0.11629013029193828
0.11629013029193828
0.11629013029193828
0.11629013029193828
0.11629013029193828
0.11629013029193828
0.11629013029193828
0.11629267299773241
0.11629402269797437
0.3837045761211929
0.11629402269797437
0.3837045761211929
0.11629402269797437
0.38370311290450065
0.3837045761211929
0.38370446775898553
0.3837006939488477
0.38369791877031434
0.3836964453644261
0.6163279077176834
0.3836899077821253
0.11629013029193828
0.11629013029193828
0.11629013029193828
0.11629013029193828
0.11629013029193828
0.11629013029193828
0.11629013029193828
0.11629013029193828
0.11629013029193828
0.11629013029193828
0.11629013029193828
0.11629013029193828
0.11629013029193828
0.11629013029193828
0.11629013029193828
0.11629013029193828
0.11629013029193828
0.38370263548144146
0.3836935544133323
0.11630268137753699
0.11629013029193828
0.11629013029193828
0.11629013029193828
0.11629013029193828
0.11629013029193828
0.11629013029193828
0.11629275630368399
0.116292341188894
0.11629013029193828
0.11629013029193828
0.11629013029193828
0.11629013029193828
0.11629013029193828
0.11629013029193828
0.11629013029193828
0.11629013029193828
0.11629013029193828
0.11629013029193828
0.11629013029193828
0.11629013029193828
0.11629013029193828
0.1162920873081338
0.11629311052725
0.6162952491602304
0.3837020012183614
0.6162999421048788
0.3836949108171937
0.38367563579216
0.6163341027124501
0.11629013029193828
0.11629013029193828
0.11629013029193828
0.11629013029193828
0.11629013029193828
0.11629013029193828
0.11629013029193828
0.11629013029193828
0.11629013029193828
0.11629013029193828
0.11629013029193828
0.11629013029193828
0.11629013029193828
0.11629013029193828
0.11629013029193828
0.11629013029193828
0.11629013029193828
0.11629013029193828
0.11629013029193828
0.11629013029193828
0.11629013029193828
0.11629013029193828
0.11629013029193828
0.11629013029193828
0.11629013029193828
0.11629013029193828
0.11629013029193828
0.11629013029193828
0.11629013029193828
0.11629013029193828
0.11629013029193828
0.11629013029193828
0.11629013029193828
0.11629013029193828
0.11629013029193828
0.11629013029193828
0.11629013029193828
0.11629013029193828
0.11629013029193828
0.11629013029193828
0.11629013029193828
0.11629013029193828
0.11629013029193828
0.11629013029193828
0.11629013029193828
0.11629013029193828
0.11629013029193828
0.11629013029193828
0.11629013029193828
0.11629013029193828
0.11629013029193828
0.11629013029193828
0.11629013029193828
0.11629013029193828
0.11629013029193828
0.11629013029193828
0.11629013029193828
0.11629013029193828
0.11629013029193828
0.11629013029193828
0.11629013029193828
0.11629013029193828
0.11629013029193828
0.11629013029193828
0.11629013029193828
0.11629013029193828
0.11629013029193828
0.11629013029193828
0.11629013029193828
0.11629013029193828
0.11629013029193828
0.11629013029193828
0.11629013029193828
0.11629013029193828
0.11629013029193828
0.11629013029193828
0.11629013029193828
0.11629013029193828
0.11629013029193828
0.11629013029193828
0.11629013029193828
0.11629013029193828
0.11629013029193828
0.11629013029193828
0.11629013029193828
0.11629013029193828
0.11629013029193828
0.11629013029193828
0.11629013029193828
0.11629013029193828
0.11629013029193828
0.11629013029193828
0.11629013029193828
0.11629013029193828
0.11629013029193828
0.11629013029193828
0.11629013029193828
0.11629013029193828
0.11629013029193828
0.11629013029193828
0.11629013029193828
0.11629013029193828
0.11629013029193828
0.11629013029193828
0.11629013029193828
0.11629013029193828
0.11629013029193828
0.11629013029193828
0.11629013029193828
0.11629013029193828
0.11629013029193828
0.11629013029193828
0.11629013029193828
0.11629013029193828
0.11629013029193828
0.11629013029193828
0.11629013029193828
0.11629013029193828
0.11629013029193828
0.11629013029193828
0.11629013029193828
0.11629013029193828
0.11629013029193828
0.11629013029193828
0.11629013029193828
0.11629013029193828
0.11629013029193828
0.11629013029193828
0.11629013029193828
0.11629013029193828
0.11629013029193828
0.11629013029193828
0.11629013029193828
0.11629013029193828
0.11629013029193828
0.11629013029193828
0.11629013029193828
0.11629013029193828
0.11629013029193828
0.11629013029193828
0.11629013029193828
0.11629013029193828
0.11629013029193828
0.11629013029193828
0.11629013029193828
0.11629013029193828
0.11629301923219706
0.11629455696109395
0.383702170559788
0.3836974606449676
0.11630320979028444
0.3836935553285953
0.11630093848356104
0.11630093848356104
0.11630093848356104
0.11630093848356104
0.11630402554361916
0.11630402554361916
0.11630402554361916
0.11630402554361916
0.11630402554361916
0.11630402554361916
0.11630402554361916
0.11630402554361916
0.11630402554361916
0.11630402554361916
0.11630402554361916
0.11630402554361916
0.1163040665191185
0.1163040665191185
0.11630597443587809
0.383694029559783
0.11629767936444695
0.11629764452265044
0.1162964930974114
0.11629645891575795
0.11629534169888753
0.11629530816487026
0.11629422402454
0.11629422402454
0.11629313896988787
0.11629310669456604
0.116292085468901
0.116292085468901
0.11629109365608414
0.11629109365608414
0.11629013029193828
0.11629013029193828
0.11629013029193828
0.11629013029193828
0.11629013029193828
0.11629013029193828
0.11629013029193828
0.11629013029193828
0.11629013029193828
0.11629013029193828
0.11629013029193828
0.11629013029193828
0.11629013029193828
0.11629013029193828
0.11629013029193828
0.11629013029193828
0.11629013029193828
0.11629013029193828
0.11629013029193828
0.11629013029193828
0.11629013029193828
0.11629013029193828
0.11629013029193828
0.11629013029193828
0.11629013029193828
0.11629013029193828
0.11629013029193828
0.11629109423406815
0.11629311052725
0.6162952491602304
0.6162999421048788
0.6163025138041112
0.6163224094515912
0.38366656690069495
0.11629013029193828
0.11629013029193828
0.11629013029193828
0.11629144898774416
0.6162928050025793
0.11629013029193828
0.11630838105507188
0.6162951333385063
0.11631631386569968
0.11631577773995048
0.11631289755096617
0.3836968112406403
0.3836916649213461
0.38368722143690526
0.383686441737012
0.3836879618038988
0.11630100669685468
0.11629890168563721
0.11629767936444695
0.11629767936444695
0.11629796287212703
0.11629949234187933
0.1162975109406988
0.11629747704716387
0.1162956188304714
0.11629422402454
0.11629313896988787
0.11629310669456604
0.116292085468901
0.116292085468901
0.11629109365608414
0.11629109365608414
0.11629013029193828
0.11629013029193828
0.11629013029193828
0.11629013029193828
0.11629013029193828
0.11629013029193828
0.11629013029193828
0.11629013029193828
0.11629013029193828
0.11629013029193828
0.11629013029193828
0.11629013029193828
0.11629013029193828
0.11629013029193828
0.11629013029193828
0.11629013029193828
0.11629013029193828
0.11629013029193828
0.11629013029193828
0.11629013029193828
0.11629013029193828
0.11629013029193828
0.11629013029193828
0.11629013029193828
0.11629013029193828
0.11629013029193828
0.11629013029193828
0.11629013029193828
0.11629013029193828
0.11629013029193828
0.11629013029193828
0.11629013029193828
0.11629013029193828
0.11629013029193828
0.11629013029193828
0.11629013029193828
0.11629013029193828
0.11629013029193828
0.11629013029193828
0.11629013029193828
0.11629013029193828
0.11629013029193828
0.11629013029193828
0.11629013029193828
0.11629013029193828
0.11629013029193828
0.11629013029193828
0.11629013029193828
0.11629013029193828
0.11629013029193828
0.11629013029193828
0.11629013029193828
0.11629013029193828
0.11629013029193828
0.11629013029193828
0.11629013029193828
0.11629013029193828
0.11629013029193828
0.11629013029193828
0.11629013029193828
0.11629013029193828
0.11629013029193828
0.11629013029193828
0.11629013029193828
0.11629013029193828
0.11629013029193828
0.11629013029193828
0.11629013029193828
0.11629013029193828
0.11629013029193828
0.11629640419880581
0.38369403706771327
0.383693373523727
0.38367907068268703
0.3836734952019335
0.38367053959013514
0.38367354637860407
0.616339432548151
0.6163723310147993
0.383686441737012
0.38369052540208265
0.11629890168563721
0.11629890168563721
0.11629767936444695
0.11629767936444695
0.11629764452265044
0.1162964930974114
0.11629645891575795
0.11629534169888753
0.11629530816487026
0.11629422402454
0.11629419112588911
0.11629313896988787
0.11629310669456604
0.116292085468901
0.11629109365608414
0.11629109365608414
0.11629013029193828
0.11629013029193828
0.11629013029193828
0.11629013029193828
0.11629013029193828
0.11629013029193828
0.11629013029193828
0.11629013029193828
0.11629013029193828
0.11629013029193828
0.11629013029193828
0.11629013029193828
0.11629013029193828
0.11629013029193828
0.11629013029193828
0.11629013029193828
0.11629013029193828
0.11629013029193828
0.11629013029193828
0.11629013029193828
0.11629013029193828
0.11629013029193828
0.11629013029193828
0.11629013029193828
0.11629013029193828
0.11629013029193828
0.11629013029193828
0.11629013029193828
0.11629013029193828
0.11629013029193828
0.11629013029193828
0.11629013029193828
0.11629013029193828
0.11629013029193828
0.11629013029193828
0.11629013029193828
0.11629013029193828
0.11629013029193828
0.11629013029193828
0.11629013029193828
0.11629013029193828
0.11629013029193828
0.11629013029193828
0.11629013029193828
0.11629013029193828
0.11629013029193828
0.11629013029193828
0.11629013029193828
0.11629013029193828
0.11629013029193828
0.11629013029193828
0.11629013029193828
0.11629013029193828
0.11629013029193828
0.11629013029193828
0.11629013029193828
0.11629013029193828
0.11629013029193828
0.11629013029193828
0.11629013029193828
0.11629013029193828
0.11629013029193828
0.11629013029193828
0.11629013029193828
0.11629013029193828
0.11629013029193828
0.11629013029193828
0.11629013029193828
0.11629013029193828
0.11629013029193828
0.11629013029193828
0.11629013029193828
0.11629013029193828
0.11629013029193828
0.11629013029193828
0.11629013029193828
0.11629013029193828
0.11629013029193828
0.11629013029193828
0.11629013029193828
0.11629013029193828
0.11629013029193828
0.11629013029193828
0.11629013029193828
0.11629013029193828
0.11629013029193828
0.11629013029193828
0.11629013029193828
0.11629013029193828
0.11629013029193828
0.11629013029193828
0.11629013029193828
0.11629013029193828
0.11629013029193828
0.11629013029193828
0.11629013029193828
0.11629013029193828
0.11629013029193828
0.11629013029193828
0.11629013029193828
0.11629013029193828
0.11629013029193828
0.11629013029193828
0.11629013029193828
0.11629013029193828
0.11629013029193828
0.11629013029193828
0.11629013029193828
0.11629013029193828
0.11629013029193828
0.11629013029193828
0.11629013029193828
0.11629013029193828
0.11629013029193828
0.11629013029193828
0.11629137630957721
0.11629137630957721
0.11629013029193828
0.11629013029193828
0.11629013029193828
0.11629013029193828
0.11629013029193828
0.11629013029193828
0.11629013029193828
0.11629013029193828
0.11629013029193828
0.11629013029193828
0.11629013029193828
0.11629013029193828
0.11629013029193828
0.11629013029193828
0.11629013029193828
0.11629013029193828
0.11629013029193828
0.11629013029193828
0.11629013029193828
0.11629013029193828
0.11629013029193828
0.11629013029193828
0.11629013029193828
0.11629013029193828
0.11629013029193828
0.11629013029193828
0.11629013029193828
0.11629013029193828
0.11629013029193828
0.11629013029193828
0.11629013029193828
0.11629013029193828
0.11629013029193828
0.11629013029193828
0.11629013029193828
0.11629013029193828
0.11629013029193828
0.11629013029193828
0.11629013029193828
0.11629013029193828
0.11629013029193828
0.11629013029193828
0.11629013029193828
0.11629013029193828
0.11629013029193828
0.11629013029193828
0.11629013029193828
0.11629013029193828
0.11629013029193828
0.11629013029193828
0.11629013029193828
0.11629013029193828
0.11629013029193828
0.11629013029193828
0.11629013029193828
0.11629013029193828
0.11629013029193828
0.11629013029193828
0.11629013029193828
0.11629013029193828
0.11629013029193828
0.11629013029193828
0.11629013029193828
0.11629013029193828
0.11629935378200817
0.11629013029193828
0.11629013029193828
0.11629013029193828
0.11629013029193828
0.11629013029193828
0.11629013029193828
0.11629013029193828
0.11629013029193828
0.11629013029193828
0.11629013029193828
0.11629013029193828
0.11629841142570055
0.11629013029193828
0.11629013029193828
0.11629013029193828
0.11629013029193828
0.11629013029193828
0.11629013029193828
0.11629013029193828
0.11629013029193828
0.11629013029193828
0.11629013029193828
0.11629013029193828
0.11629013029193828
0.11629013029193828
0.11629013029193828
0.11629013029193828
0.11629013029193828
0.11629013029193828
0.11629013029193828
0.11629013029193828
0.11629013029193828
0.11629013029193828
0.11629013029193828
0.11629013029193828
0.11629013029193828
0.11629013029193828
0.11629013029193828
0.11629013029193828
0.11629013029193828
0.11629013029193828
0.11629013029193828
0.11629013029193828
0.11629013029193828
0.11629013029193828
0.11629013029193828
0.11629013029193828
0.11629013029193828
0.11629013029193828
0.11629013029193828
0.11629013029193828
0.11629013029193828
0.11629013029193828
0.11629013029193828
0.11629013029193828
0.11629013029193828
0.11629013029193828
0.11629013029193828
0.11629013029193828
0.11629013029193828
0.11629013029193828
0.11629013029193828
0.11629013029193828
0.11629013029193828
0.11629013029193828
0.11629013029193828
0.11629013029193828
0.11629013029193828
0.11629013029193828
0.11629013029193828
0.11629013029193828
0.11629013029193828
0.11629013029193828
0.11629013029193828
0.11629013029193828
0.11629013029193828
0.11629013029193828
0.11629013029193828
0.11629013029193828
0.11629013029193828
0.11629013029193828
0.11629013029193828
0.11629013029193828
0.11629013029193828
0.11629013029193828
0.11629013029193828
0.11629013029193828
0.11629013029193828
0.11629013029193828
0.11629013029193828
0.11629013029193828
0.11629013029193828
0.11629013029193828
0.11629013029193828
0.11629013029193828
0.11629013029193828
0.11629013029193828
0.11629013029193828
0.11629013029193828
0.11629013029193828
0.11629013029193828
0.11629013029193828
0.11629013029193828
0.11629013029193828
0.11629013029193828
0.11629013029193828
0.11629013029193828
0.11629013029193828
0.11629013029193828
0.11629013029193828
0.11629013029193828
0.11629013029193828
0.11629013029193828
0.11629013029193828
0.11629013029193828
0.1162920873081338
0.11629416494248791
0.6162963692795681
0.6162999421048788
0.6163123685422435
0.3836949108171937
0.6163261126767305
0.11629013029193828
0.11629013029193828
0.11629013029193828
0.11629013029193828
0.11629013029193828
0.11629013029193828
0.11629013029193828
0.11629013029193828
0.11629013029193828
0.11629013029193828
0.11629013029193828
0.11629013029193828
0.11629013029193828
0.11629013029193828
0.11629013029193828
0.11629013029193828
0.11629013029193828
0.11629013029193828
0.11629013029193828
0.11629013029193828
0.11629013029193828
0.11629013029193828
0.11629013029193828
0.11629013029193828
0.11629013029193828
0.11629013029193828
0.11629013029193828
0.11629013029193828
0.11629013029193828
0.11629013029193828
0.11629013029193828
0.11629013029193828
0.11629013029193828
0.11629013029193828
0.11629013029193828
0.11629013029193828
0.11629013029193828
0.11629013029193828
0.11629013029193828
0.11629013029193828
0.11629013029193828
0.11629013029193828
0.11629013029193828
0.11629013029193828
0.11629013029193828
