0
1
1
2
3
4
4
5
5
6
6
6
6
8
8
8
8
8
9
10
12
12
13
14
15
16
17
17
17
18
19
20
20
20
21
22
23
23
23
24
25
25
26
27
28
30
30
30
30
30
30
30
31
31
32
33
34
34
35
35
37
38
38
39
40
42
43
43
43
45
45
45
47
48
48
49
49
49
49
50
50
50
50
50
50
50
51
51
51
53
53
53
53
54
55
55
55
57
57
57
57
57
57
57
57
57
57
57
58
58
59
60
61
61
61
61
61
61
61
62
62
63
63
63
63
64
64
64
64
64
64
65
65
66
66
67
68
68
68
68
70
71
71
72
72
73
73
75
75
75
75
75
75
75
75
77
78
79
79
80
81
81
81
83
84
84
84
84
84
84
84
85
86
86
86
86
86
87
87
87
87
87
87
87
88
88
89
89
89
90
90
90
92
94
95
96
96
96
96
96
96
