0.0
0.0
0.0
0.0
0.0
0.0
0.0
0.0
0.0
0.0
0.0
0.0
0.0
0.0
0.0
0.0
0.0
0.0
0.0
0.0
0.0
0.0
0.0
0.0
0.0
0.0
0.75
1.0
1.75
1.75
1.75
1.75
1.75
1.75
1.75
1.75
2.0
2.0
2.0
2.0
2.75
2.75
2.75
2.75
2.75
2.75
2.75
3.0
3.0
3.75
4.0
4.0
4.0
4.75
4.75
5.0
5.0
6.0
6.0
6.0
6.0
6.0
6.75
7.0
7.0
7.0
8.0
8.0
9.0
9.0
9.75
10.0
10.75
10.75
10.75
11.0
11.75
12.75
12.75
13.0
13.0
13.75
13.75
14.75
14.75
15.0
15.0
15.0
16.0
16.75
16.75
17.0
17.75
17.75
18.0
19.75
20.0
20.0
20.75
20.75
20.75
21.0
21.0
21.0
21.75
22.0
22.0
22.75
22.75
23.0
23.0
23.75
23.75
24.5
24.75
25.75
25.75
26.0
26.75
27.0
27.75
28.0
28.0
28.0
28.75
29.0
29.0
30.0
30.0
30.0
30.0
30.0
30.0
30.0
30.75
30.75
31.5
31.5
31.75
31.75
32.75
32.75
32.75
33.5
33.75
33.75
34.0
34.0
34.75
34.75
35.5
35.5
36.25
36.25
37.25
37.25
38.0
38.0
39.0
39.75
39.75
40.5
40.5
40.5
40.5
40.5
40.5
40.75
42.25
43.25
44.0
44.25
44.25
46.0
46.75
47.0
47.75
48.0
48.75
49.0
49.0
49.25
49.25
50.25
50.25
51.25
51.25
52.25
52.25
53.25
53.25
54.25
54.25
55.0
55.25
56.0
56.25
57.0
57.25
58.0
58.25
