0.0
0.0
0.0
0.0
0.0
0.0
0.0
0.0
1.0
1.0
1.0
2.0
2.0
2.0
2.0
3.0
3.0
4.0
4.0
4.0
4.0
0.0
0.75
1.0
1.0
1.0
2.0
2.0
3.0
3.0
3.0
3.75
4.0
4.0
4.75
5.0
5.0
6.0
6.0
6.0
0.0
0.0
1.0
1.0
1.0
2.0
2.0
2.0
2.0
3.0
3.0
3.0
4.0
4.0
4.0
5.0
5.0
5.0
5.75
6.0
2.75
0.0
0.0
1.0
1.0
2.0
2.0
2.0
3.0
3.0
3.0
4.0
4.0
4.0
5.0
5.0
5.0
5.75
6.0
6.0
6.0
0.0
0.0
1.0
1.0
1.0
2.0
2.0
2.0
3.0
3.0
3.0
4.0
4.0
5.0
5.0
5.0
6.0
6.0
6.0
0.0
0.0
0.0
1.0
1.0
1.75
2.0
2.0
2.0
3.0
3.0
3.0
4.0
4.0
4.0
5.0
5.0
5.75
5.75
6.0
0.0
0.0
1.0
1.0
1.75
2.0
2.0
2.0
3.0
3.0
3.0
3.75
4.0
4.0
4.75
5.0
5.0
5.0
5.75
6.0
2.75
0.0
1.0
1.0
1.0
1.0
2.0
2.0
2.0
3.0
3.0
3.0
3.0
4.0
4.0
4.0
5.0
5.0
5.0
5.75
6.0
0.0
1.0
1.0
1.0
1.0
2.0
2.0
2.0
3.0
3.0
3.75
4.0
4.0
4.0
5.0
5.0
5.0
6.0
6.0
2.0
0.0
0.75
1.0
1.0
2.0
2.0
2.0
3.0
3.0
3.75
4.0
4.0
4.75
5.0
5.0
5.0
6.0
6.0
6.0
0.0
