0.000650135277279191
0.04494443869809933
0.04494443869809933
0.04494443869809933
0.04494443869809933
0.04494443869809933
0.04494443869809933
0.04494443869809933
0.04494443869809933
0.04494443869809933
0.04494443869809933
0.04494443869809933
0.04494443869809933
0.04494443869809933
0.04494443869809933
0.04494443869809933
0.04494443869809933
0.04494443869809933
0.04494443869809933
0.04494443869809933
0.04494443869809933
0.04494443869809933
0.04494443869809933
0.04494443869809933
0.04494443869809933
0.04494443869809933
0.04494443869809933
0.04494443869809933
0.04494443869809933
0.04494443869809933
0.04494443869809933
0.04494443869809933
0.04494443869809933
0.04494443869809933
0.04494443869809933
0.04494443869809933
0.04494443869809933
0.04494443869809933
0.04494443869809933
0.04494443869809933
0.04494443869809933
0.04494443869809933
0.04494443869809933
0.04494443869809933
0.04494443869809933
0.04494443869809933
0.022661015820853045
0.004403224753128579
0.5007139831763323
0.47174108131873166
0.5000299644184436
0.47993780832144595
0.4999951825670725
0.5000027176149245
0.04494443869809933
0.04494443869809933
0.04494443869809933
0.04494443869809933
0.04494443869809933
0.04494443869809933
0.04494443869809933
0.04494443869809933
0.04494443869809933
0.04494443869809933
0.04494443869809933
0.04494443869809933
0.04494443869809933
0.04494443869809933
0.04494443869809933
0.04494443869809933
0.04494443869809933
0.04494443869809933
0.04494443869809933
0.04494443869809933
0.04494443869809933
0.04494443869809933
0.04494443869809933
0.04494443869809933
0.04494443869809933
0.04494443869809933
0.04494443869809933
0.04494443869809933
0.04494443869809933
0.04494443869809933
0.00012367648639787795
0.5000029149262853
0.500004678535364
0.5000299644184436
0.5000069155322298
0.4999951825670725
0.5000024286794532
0.04494443869809933
0.04494443869809933
0.04494443869809933
0.04494443869809933
0.04494443869809933
0.04494443869809933
0.04494443869809933
0.04494443869809933
0.04494443869809933
0.04494443869809933
0.04494443869809933
0.04494443869809933
0.04494443869809933
0.04494443869809933
0.04494443869809933
0.04494443869809933
0.04494443869809933
0.04494443869809933
0.04494443869809933
0.04494443869809933
0.04494443869809933
0.00012367648639787795
0.5000024288675736
0.5000023593522218
0.5000167978264627
0.5000090887012147
0.5000031080994787
0.04494443869809933
0.04494443869809933
0.04494443869809933
0.04494443869809933
0.024079926317951156
0.025305289616133063
0.04081363533302851
0.01706713693093807
0.026893506751533208
0.026893506751533208
0.04494432549909463
0.044944350661801656
0.04494437449460955
0.044944389679178194
0.044944404323893544
0.04494441844794776
0.04494441844794776
0.04494439706780175
0.04494443869809933
0.04494443869809933
0.04494443869809933
0.04494443869809933
0.04494443869809933
0.04494443869809933
0.04494443869809933
0.04494443869809933
0.04494443869809933
0.04494443869809933
0.04494443869809933
0.04494443869809933
0.04494443869809933
0.04494443869809933
0.04494443869809933
0.04494443869809933
0.04494443869809933
0.04494443869809933
0.04494443869809933
0.04494443869809933
0.04494443869809933
0.04494443869809933
0.0417791778502027
0.0417791778502027
0.035914097457864565
0.035914097457864565
0.03321222230666678
0.04494443869809933
0.22473738789482803
0.47174108131873166
0.47611352918038474
0.48165623500390914
0.48325245211132567
0.5000031080994787
0.04494443869809933
0.04494443869809933
0.04494443869809933
0.04494443869809933
0.04494443869809933
0.04494443869809933
0.04494443869809933
0.04494443869809933
0.04494443869809933
0.04494443869809933
0.04494443869809933
0.04494443869809933
0.04494443869809933
0.04494443869809933
0.04494443869809933
0.04494443869809933
0.04494443869809933
0.04494443869809933
0.04494443869809933
0.04494443869809933
0.04494443869809933
0.04494443869809933
0.04494443869809933
0.04494443869809933
0.04494443869809933
0.04494443869809933
0.04494443869809933
0.5064862622768503
0.04494443869809933
0.01599960476829162
0.013170941796333746
0.04494443869809933
0.04494443869809933
0.04494443869809933
0.04494443869809933
0.04494443869809933
0.04494443869809933
0.04494443869809933
0.04494443869809933
0.04494443869809933
0.04494443869809933
0.04494443869809933
0.04494443869809933
0.04494443869809933
0.04494443869809933
0.04494443869809933
0.022661015820853045
0.004403224753128579
0.5007139831763323
0.5000167978264627
0.5000103296867016
0.4999855980332556
0.5000026992364365
0.04494443869809933
0.04494443869809933
0.04494443869809933
0.04494443869809933
0.04494443869809933
0.04494443869809933
0.04494443869809933
0.04494443869809933
0.04494443869809933
0.04494443869809933
0.04494443869809933
0.04494443869809933
0.04494443869809933
0.04494443869809933
0.04494443869809933
0.04494443869809933
0.04494443869809933
0.04494443869809933
0.04494443869809933
0.04494443869809933
0.04494443869809933
0.04494443869809933
0.04494443869809933
0.04494443869809933
0.04494443869809933
0.04494443869809933
0.04494443869809933
0.04494443869809933
0.04494443869809933
0.04494443869809933
0.04494443869809933
0.04494443869809933
0.04494443869809933
0.04494443869809933
0.04494443869809933
0.04494443869809933
0.04494443869809933
0.04494443869809933
0.04494443869809933
0.04494443869809933
0.04494443869809933
0.04494443869809933
0.04494443869809933
0.04494443869809933
0.04494443869809933
0.04494443869809933
0.04494443869809933
0.01037059113774834
0.5017833615283798
0.03876928513093226
0.47174108131873166
0.5000299644184436
0.48165623500390914
0.4999951825670725
0.5000026992364365
0.04494443869809933
0.04494443869809933
0.04494443869809933
0.04494443869809933
0.04494443869809933
0.04494443869809933
0.04494443869809933
0.04494443869809933
0.04494443869809933
0.04494443869809933
0.04494443869809933
0.34658027208051834
0.46414375159871496
0.017206986163232445
0.014979425139280378
0.0006979883178432019
0.0020909943438215096
0.005685599612379739
0.4540740991788195
0.41017975469734524
0.33864271417647446
0.33864271417647446
0.247370310066995
0.247370310066995
0.247370310066995
0.13214839226832262
0.13214840731752872
0.14396536191718284
0.14396537778451934
0.14396537778451934
0.052927513211460664
0.052927513211460664
0.06038180973227208
0.014687113511144547
0.014687113511144547
0.014687115177899059
0.014687115177899059
0.017508571323564842
0.017508571323564842
0.017508571323564842
0.017508571323564842
0.017508571323564842
0.020768933001324714
0.020768933001324714
0.020768933001324714
0.020768933001324714
0.020768935228740588
0.02450863006547808
0.02450863006547808
0.02450863006547808
0.02450863006547808
0.028765429851220495
0.028765429851220495
0.028765429851220495
0.028765429851220495
0.028765429851220495
0.033572935455132555
0.033572935455132555
0.033572935455132555
0.033572935455132555
0.033572935455132555
0.03895903861174929
0.03895903861174929
0.03895903861174929
0.0022902817459564853
0.0001231534944314257
0.5000029149262853
0.5000022489028767
0.5000103296867016
0.5000309845339137
0.49980036785283394
0.05904213032020275
0.07192393336742113
0.13689785806549415
0.014687115177899059
0.014687115177899059
0.017508571323564842
0.017508571323564842
0.017508571323564842
0.017508571323564842
0.017508573243603966
0.020768933001324714
0.020768933001324714
0.020768935228740588
0.020768935228740588
0.02450863006547808
0.02450863006547808
0.02450863006547808
0.02450863006547808
0.02450863006547808
0.028765429851220495
0.028765429851220495
0.028765429851220495
0.028765429851220495
0.028765429851220495
0.033572935455132555
0.033572935455132555
0.033572935455132555
0.033572935455132555
0.033572935455132555
0.03895903861174929
0.03895903861174929
0.03895903861174929
0.03895903861174929
0.03895903861174929
0.04494443869809933
0.04494443869809933
0.04494443869809933
0.04494443869809933
0.04494443869809933
0.04494443869809933
0.04494443869809933
0.04494443869809933
0.04494443869809933
0.04494443869809933
0.04494443869809933
0.04494443869809933
0.04494443869809933
0.04494443869809933
0.04494443869809933
0.04494443869809933
0.04494443869809933
0.04494443869809933
0.04494443869809933
0.04494443869809933
0.04494443869809933
0.04494443869809933
0.04494443869809933
0.04494443869809933
0.04494443869809933
0.04494443869809933
0.04494443869809933
0.04494443869809933
0.04494443869809933
0.04494443869809933
0.04494443869809933
0.04494443869809933
0.04494443869809933
0.04494443869809933
0.04494443869809933
0.04494443869809933
0.04494443869809933
0.04494443869809933
0.04494443869809933
0.04494443869809933
0.04494443869809933
0.04494443869809933
0.04494443869809933
0.04494443869809933
0.04494443869809933
0.04494443869809933
0.04494443869809933
0.04494443869809933
0.04494443869809933
0.04494443869809933
0.04494443869809933
0.04494443869809933
0.04494443869809933
0.04494443869809933
0.04494443869809933
0.04494443869809933
0.04494443869809933
0.04494443869809933
0.04494443869809933
0.04494443869809933
0.04494443869809933
0.04494443869809933
0.04494443869809933
0.04494443869809933
0.04494443869809933
0.04494443869809933
0.04494443869809933
0.04494443869809933
0.04494443869809933
0.04494443869809933
0.04494443869809933
0.04494443869809933
0.04494443869809933
0.04494443869809933
0.04494443869809933
0.04494443869809933
0.04494443869809933
0.04494443869809933
0.04494443869809933
0.04494443869809933
0.25451726921722534
0.08964346924842118
0.017206986163232445
0.012449784561558461
0.0026728352434335196
0.0020909943438215096
0.005685599612379739
0.41017975469734524
0.33864271417647446
0.33864271417647446
0.23535236142063606
0.247370310066995
0.247370310066995
0.247370310066995
0.13214839226832262
0.13214840731752872
0.14396536191718284
0.14396536191718284
0.14396537778451934
0.052927513211460664
0.06038180973227208
0.014687115177899059
0.014687115177899059
0.014687115177899059
0.014687115177899059
0.017508569379449838
0.017508571323564842
0.017508571323564842
0.017508571323564842
0.017508571323564842
0.020768933001324714
0.020768933001324714
0.020768935228740588
0.020768935228740588
0.020768935228740588
0.02450863006547808
0.02450863006547808
0.02450863006547808
0.02450863006547808
0.02450863006547808
0.005864655788713027
0.5003902351966044
0.5000324288420078
0.5027309996898195
0.0705260942352928
0.5013766935733291
0.009720221075441474
0.01864307010152004
0.04346492056826648
0.13214840731752872
0.14396536191718284
0.14396536191718284
0.14396536191718284
0.052927507048387466
0.052927513211460664
0.06038180973227208
0.06038180973227208
0.014687113511144547
0.014687115177899059
0.014687115177899059
0.017508569379449838
0.017508571323564842
0.017508571323564842
0.017508571323564842
0.017508571323564842
0.02076893074597864
0.020768933001324714
0.020768933001324714
0.020768933001324714
0.020768933001324714
0.02450863006547808
0.02450863006547808
0.02450863006547808
0.02450863006547808
0.02450863006547808
0.028765429851220495
0.028765429851220495
0.028765429851220495
0.028765429851220495
0.028765429851220495
0.033572935455132555
0.033572935455132555
0.033572935455132555
0.033572935455132555
0.033572935455132555
0.03895903861174929
0.03895903861174929
0.03895903861174929
0.03895903861174929
0.03895903861174929
0.04494443869809933
0.04494443869809933
0.04494443869809933
0.04494443869809933
0.04494443869809933
0.04494443869809933
0.04494443869809933
0.04494443869809933
0.04494443869809933
0.04494443869809933
0.04494443869809933
0.04494443869809933
0.04494443869809933
0.04494443869809933
0.04494443869809933
0.04494443869809933
0.04494443869809933
0.04494443869809933
0.04494443869809933
0.04494443869809933
0.04494443869809933
0.04494443869809933
0.04494443869809933
0.04494443869809933
0.04494443869809933
0.04494443869809933
0.04494443869809933
0.04494443869809933
0.04494443869809933
0.04494443869809933
0.04494443869809933
0.04494443869809933
0.04494443869809933
0.04494443869809933
0.04494443869809933
0.04494443869809933
0.04494443869809933
0.04494443869809933
0.04494443869809933
0.04494443869809933
0.04494443869809933
0.04494443869809933
0.04494443869809933
0.04494443869809933
0.04494443869809933
0.04494443869809933
0.04494443869809933
0.04494443869809933
0.043606891037111295
0.04229834009240404
0.04494443869809933
0.04494443869809933
0.04494443869809933
0.04494443869809933
0.04494443869809933
0.04494443869809933
0.04494443869809933
0.04494443869809933
0.04494443869809933
0.04494443869809933
0.04494443869809933
0.04494443869809933
0.04494443869809933
0.04494443869809933
0.04494443869809933
0.04494443869809933
0.04494443869809933
0.04494443869809933
0.04494443869809933
0.04494443869809933
0.04494443869809933
0.04494443869809933
0.04494443869809933
0.04494443869809933
0.04494443869809933
0.04494443869809933
0.04494443869809933
0.04494443869809933
0.04494443869809933
0.04494443869809933
0.04494443869809933
0.04494443869809933
0.04494443869809933
0.04494443869809933
0.04494443869809933
0.04494443869809933
0.04494443869809933
0.04494443869809933
0.04494443869809933
0.04494443869809933
0.04494443869809933
0.04494443869809933
0.04494443869809933
0.04494443869809933
0.04494443869809933
0.04494443869809933
0.04494443869809933
0.04494443869809933
0.022661015820853045
0.004403224753128579
0.5007139831763323
0.5001261798944558
0.49983787157254267
0.5000167978264627
0.4999933297842011
0.5000031422849179
0.04494443869809933
0.04494443869809933
0.04494443869809933
0.04494443869809933
0.04494443869809933
0.04494443869809933
0.04494443869809933
0.04494443869809933
0.04494443869809933
0.04494443869809933
0.04494443869809933
0.04494443869809933
0.04494443869809933
0.04494443869809933
0.12928157343591373
0.09980161504215566
0.04494443869809933
0.02582158125867306
0.03133369148752619
0.01557522774373265
0.02689342869897553
0.0449443340389277
0.04494443869809933
0.04494443869809933
0.04494441144983073
0.04494442532053726
0.04494442532053726
0.04494442532053726
0.04494443869809933
0.04494443869809933
0.04494443869809933
0.04494443869809933
0.04494443869809933
0.04494443869809933
0.04494443869809933
0.04494443869809933
0.04494443869809933
0.04494443869809933
0.04494443869809933
0.04494443869809933
0.04494443869809933
0.04494443869809933
0.04494443869809933
0.04494443869809933
0.04494443869809933
0.04494443869809933
0.04494443869809933
0.04494443869809933
0.04494443869809933
0.04494443869809933
0.04494443869809933
0.04494443869809933
0.04494443869809933
0.04494443869809933
0.04494443869809933
0.04494443869809933
0.04494443869809933
0.04494443869809933
0.04494443869809933
0.04494443869809933
0.04494443869809933
0.04494443869809933
0.04494443869809933
0.04494443869809933
0.04494443869809933
0.04494443869809933
0.04494443869809933
0.04494443869809933
0.04494443869809933
0.04494443869809933
0.04494443869809933
0.04494443869809933
0.04494443869809933
0.04494443869809933
0.04494443869809933
0.04494443869809933
0.04494443869809933
0.04494443869809933
0.04494443869809933
0.04494443869809933
0.04494443869809933
0.04494443869809933
0.04494443869809933
0.04494443869809933
0.04494443869809933
0.04494443869809933
0.04494443869809933
0.04494443869809933
0.04494443869809933
0.04494443869809933
0.04494443869809933
0.04494443869809933
0.04494443869809933
0.04494443869809933
0.04494443869809933
0.04494443869809933
0.04494443869809933
0.04494443869809933
0.04494443869809933
0.04494443869809933
0.04494443869809933
0.04494443869809933
0.04494443869809933
0.04494443869809933
0.04494443869809933
0.04494443869809933
0.04494443869809933
0.04494443869809933
0.04494443869809933
0.04494443869809933
0.04494443869809933
0.04494443869809933
0.04494443869809933
0.04494443869809933
0.04494443869809933
0.04494443869809933
0.04494443869809933
0.04494443869809933
0.04494443869809933
0.04494443869809933
0.04494443869809933
0.04494443869809933
0.04494443869809933
0.04494443869809933
0.04494443869809933
0.04494443869809933
0.04494443869809933
0.04494443869809933
0.04494443869809933
0.04494443869809933
0.04494443869809933
0.04494443869809933
0.04494443869809933
0.04494443869809933
0.04494443869809933
0.04494443869809933
0.04494443869809933
0.04494443869809933
0.04494443869809933
0.04494443869809933
0.04494443869809933
0.04494443869809933
0.04494443869809933
0.04494443869809933
0.04494443869809933
0.04494443869809933
0.04494443869809933
0.04494443869809933
0.04494443869809933
0.04494443869809933
0.04494443869809933
0.04494443869809933
0.04494443869809933
0.04494443869809933
0.04494443869809933
0.04494443869809933
0.04494443869809933
0.04494443869809933
0.04494443869809933
0.04494443869809933
0.04494443869809933
0.04494443869809933
0.04494443869809933
0.04494443869809933
0.04494443869809933
0.04494443869809933
0.04494443869809933
0.04494443869809933
0.04494443869809933
0.04494443869809933
0.04494443869809933
0.04494443869809933
0.04494443869809933
0.04494443869809933
0.04494443869809933
0.04494443869809933
0.04494443869809933
0.04494443869809933
0.04494443869809933
0.04494443869809933
0.04494443869809933
0.04494443869809933
0.07140353443077205
0.1056201530940253
0.1459373237839583
0.31040982404357786
0.31040982404357786
0.07140353443077205
0.2664545896241398
0.04494443869809933
0.22473738789482803
0.035914097457864565
0.18692899633389146
0.2693024404582991
0.4780919057855271
0.48165623500390914
0.48325245211132567
0.5000026992364365
0.04494443869809933
0.04494443869809933
0.04494443869809933
0.04494443869809933
0.04494443869809933
0.04494443869809933
0.04494443869809933
0.04494443869809933
0.04494443869809933
0.04494443869809933
0.04494443869809933
0.04494443869809933
0.04494443869809933
0.04494443869809933
0.04494443869809933
0.04494443869809933
0.04494443869809933
0.04494443869809933
0.04494443869809933
0.04494443869809933
0.04494443869809933
0.04494443869809933
0.04494443869809933
0.04494443869809933
0.04494443869809933
0.04494443869809933
0.04494443869809933
0.04494443869809933
0.04494443869809933
0.04494443869809933
0.04494443869809933
0.04494443869809933
0.04494443869809933
0.04494443869809933
0.04494443869809933
0.04494443869809933
0.04494443869809933
0.04494443869809933
0.04494443869809933
0.04494443869809933
0.04494443869809933
0.04494443869809933
0.04494443869809933
0.04494443869809933
0.04494443869809933
0.04494443869809933
0.04494443869809933
0.04494443869809933
0.04494443869809933
0.04494443869809933
0.04494443869809933
0.04494443869809933
0.04494443869809933
0.04494443869809933
0.04494443869809933
0.04494443869809933
0.04494443869809933
0.04494443869809933
0.04494443869809933
0.04494443869809933
0.04494443869809933
0.04494443869809933
0.04494443869809933
0.04494443869809933
0.04494443869809933
0.04494443869809933
0.04494443869809933
0.04494443869809933
0.04494443869809933
0.04494443869809933
0.04494443869809933
0.04494443869809933
0.04494443869809933
0.04494443869809933
0.04494443869809933
0.04494443869809933
0.04494443869809933
0.04494443869809933
0.04494443869809933
0.04494443869809933
0.04494443869809933
0.04494443869809933
0.04494443869809933
0.04494443869809933
0.04494443869809933
0.04494443869809933
0.04494443869809933
0.04494443869809933
0.04494443869809933
0.04494443869809933
0.04494443869809933
0.04494443869809933
0.04494443869809933
0.04494443869809933
0.5020726628606177
0.500124372351996
0.5000761323133609
0.5000168063497407
0.0023759010248168085
0.5000057307203845
0.0023759010248168085
0.002972569603300817
0.004627835137163414
0.004627835137163414
0.007121658938805386
0.007121658938805386
0.04494443869809933
0.04494443869809933
0.04494443869809933
0.04494443869809933
0.04494443869809933
0.04494443869809933
0.04494443869809933
0.04494443869809933
0.04494443869809933
0.04494443869809933
0.04494443869809933
0.04494443869809933
0.04494443869809933
0.04494443869809933
0.04494443869809933
0.04494443869809933
0.04494443869809933
0.04494443869809933
0.04494443869809933
0.04494443869809933
0.04494443869809933
0.04494443869809933
0.04494443869809933
0.04494443869809933
0.04494443869809933
0.04494443869809933
0.04494443869809933
0.04494443869809933
0.04494443869809933
0.04494443869809933
0.04494443869809933
0.04494443869809933
0.04494443869809933
0.04494443869809933
0.04494443869809933
0.04494443869809933
0.04494443869809933
0.04494443869809933
0.04494443869809933
0.04494443869809933
0.04494443869809933
0.04494443869809933
0.04494443869809933
0.04494443869809933
0.04494443869809933
0.04494443869809933
0.04494443869809933
0.04494443869809933
0.04494443869809933
0.04494443869809933
0.04494443869809933
0.04494443869809933
0.04494443869809933
0.04494443869809933
0.04494443869809933
0.04494443869809933
0.04494443869809933
0.04494443869809933
0.04494443869809933
0.04494443869809933
0.04494443869809933
0.04494443869809933
0.04494443869809933
0.04494443869809933
0.04494443869809933
0.04494443869809933
0.04494443869809933
0.04494443869809933
0.04494443869809933
0.04494443869809933
0.04494443869809933
0.04494443869809933
0.04494443869809933
0.04494443869809933
0.04494443869809933
0.04494443869809933
0.04494443869809933
0.04494443869809933
0.04494443869809933
0.04494443869809933
0.04494443869809933
0.04494443869809933
0.04494443869809933
0.04494443869809933
0.04494443869809933
0.018455538379265016
0.006517359698024436
0.0020922086460593336
0.0020922086460593336
0.006517359698024436
0.04494443869809933
0.04494443869809933
0.04494443869809933
0.04494443869809933
0.04494443869809933
0.04494443869809933
0.04494443869809933
0.04494443869809933
0.04494443869809933
0.04494443869809933
0.04494443869809933
0.04494443869809933
0.04494443869809933
0.04494443869809933
0.04494443869809933
0.04494443869809933
0.04494443869809933
0.04494443869809933
0.04494443869809933
0.04494443869809933
0.04494443869809933
0.04494443869809933
0.04494443869809933
0.04494443869809933
0.04494443869809933
0.04494443869809933
0.04494443869809933
0.04494443869809933
0.04494443869809933
0.04494443869809933
0.04494443869809933
0.04494443869809933
0.04494443869809933
0.04494443869809933
0.04494443869809933
0.04494443869809933
0.04494443869809933
0.04494443869809933
0.04494443869809933
0.04494443869809933
0.04494443869809933
0.04494443869809933
0.04494443869809933
0.04494443869809933
0.04494443869809933
0.04494443869809933
0.04494443869809933
0.04494443869809933
0.04494443869809933
0.04494443869809933
0.04494443869809933
0.04494443869809933
0.04494443869809933
0.04494443869809933
0.04494443869809933
0.04494443869809933
0.04494443869809933
0.04494443869809933
0.04494443869809933
0.04494443869809933
0.04494443869809933
0.04494443869809933
0.04494443869809933
0.04494443869809933
0.04494443869809933
0.04494443869809933
0.04494443869809933
0.04494443869809933
0.04494443869809933
0.04494443869809933
0.04494443869809933
0.04494443869809933
0.04494443869809933
0.04494443869809933
0.04494443869809933
0.04494443869809933
0.04494443869809933
0.04494443869809933
0.04494443869809933
0.04494443869809933
0.04494443869809933
0.11292152562817524
0.04494443869809933
0.04494443869809933
0.03735022091787097
0.04101860415485239
0.043606891037111295
0.04101860415485239
0.043606891037111295
0.04229834009240404
0.04494443869809933
0.04494443869809933
0.04494441844794776
0.04494443869809933
0.04494443869809933
0.04494443869809933
0.04494443869809933
0.04494443869809933
0.04494443869809933
0.04494443869809933
0.04494443869809933
0.04494443869809933
0.04494443869809933
0.04494443869809933
0.04494443869809933
0.04494443869809933
0.04494443869809933
0.04494443869809933
0.04494443869809933
0.04494443869809933
0.04494443869809933
0.04494443869809933
0.04494443869809933
0.04494443869809933
0.04494443869809933
0.04494443869809933
0.04494443869809933
0.04494443869809933
0.04494443869809933
0.04494443869809933
0.04494443869809933
0.04494443869809933
0.04494443869809933
0.04494443869809933
0.04494443869809933
0.04494443869809933
0.04494443869809933
0.04494443869809933
0.04494443869809933
0.04494443869809933
0.04494443869809933
0.04494443869809933
0.04494443869809933
0.04494443869809933
0.04494443869809933
0.04494443869809933
0.04494443869809933
0.04494443869809933
0.04494443869809933
0.04494443869809933
0.04494443869809933
0.04494443869809933
0.04494443869809933
0.04494443869809933
0.04494443869809933
0.04494443869809933
0.04494443869809933
0.04494443869809933
0.04494443869809933
0.04494443869809933
0.04494443869809933
0.04494443869809933
0.04494443869809933
0.04494443869809933
0.04494443869809933
0.04494443869809933
0.04494443869809933
0.04494443869809933
0.04494443869809933
0.04494443869809933
0.04494443869809933
0.04494443869809933
0.11736118877342064
0.21706832050281527
0.3118592196194052
0.3118592196194052
0.12285820922745921
0.28143120916594355
0.28143120916594355
0.27044726450591033
0.363102330223842
0.363102330223842
0.363102330223842
0.08018313543712287
0.052927513211460664
0.012262881843005075
0.014687115177899059
0.014687115177899059
0.014687115177899059
0.014687115177899059
0.014687115177899059
0.017508571323564842
0.017508571323564842
0.017508571323564842
0.017508571323564842
0.017508573243603966
0.020768933001324714
0.020768933001324714
0.020768935228740588
0.020768935228740588
0.020768935228740588
0.02450863006547808
0.02450863006547808
0.02450863006547808
0.02450863006547808
0.028765429851220495
0.028765429851220495
0.028765429851220495
0.028765429851220495
0.028765429851220495
0.033572935455132555
0.033572935455132555
0.033572935455132555
0.033572935455132555
0.033572935455132555
0.03895903861174929
0.03895903861174929
0.03895903861174929
0.03895903861174929
0.03895903861174929
0.04494443869809933
0.04494443869809933
0.04494443869809933
0.04494443869809933
0.04494443869809933
0.04494443869809933
0.04494443869809933
0.04494443869809933
0.04494443869809933
0.04494443869809933
0.04494443869809933
0.04494443869809933
0.04494443869809933
0.04494443869809933
0.04494443869809933
0.04494443869809933
0.04494443869809933
0.04494443869809933
0.04494443869809933
0.04494443869809933
0.04494443869809933
0.04494443869809933
0.04494443869809933
0.04494443869809933
0.04494443869809933
0.04494443869809933
0.04494443869809933
0.04494443869809933
0.04494443869809933
0.04494443869809933
0.04494443869809933
0.04494443869809933
0.04494443869809933
0.04494443869809933
0.04494443869809933
0.04494443869809933
0.04494443869809933
0.04494443869809933
0.04494443869809933
0.04494443869809933
0.04494443869809933
0.04494443869809933
0.04494443869809933
0.04494443869809933
0.04494443869809933
0.04494443869809933
0.04494443869809933
0.04494443869809933
0.04494443869809933
0.04494443869809933
0.04494443869809933
0.04494443869809933
0.04494443869809933
0.04494443869809933
0.04494443869809933
0.04494443869809933
0.04494443869809933
0.04494443869809933
0.04494443869809933
0.04494443869809933
0.04494443869809933
0.04494443869809933
0.04494443869809933
0.04494443869809933
0.04494443869809933
0.04494443869809933
0.04494443869809933
0.04494443869809933
0.04494443869809933
0.04494443869809933
0.04494443869809933
0.04494443869809933
0.04494443869809933
0.04494443869809933
0.04494443869809933
0.04494443869809933
0.04494443869809933
0.04494443869809933
0.04494443869809933
0.04494443869809933
0.04494443869809933
0.04494443869809933
0.04494443869809933
0.04494443869809933
0.04494443869809933
0.04494443869809933
0.04494443869809933
0.04494443869809933
0.04494443869809933
0.04494443869809933
0.04494443869809933
0.04494443869809933
0.04494443869809933
0.04494443869809933
0.04494443869809933
0.04494443869809933
0.04494443869809933
0.04494443869809933
0.04494443869809933
0.04494443869809933
0.04494443869809933
0.04494443869809933
0.04494443869809933
0.04494443869809933
0.04494443869809933
0.04494443869809933
0.04494443869809933
0.04494443869809933
0.04494443869809933
0.04494443869809933
0.04494443869809933
0.04494443869809933
0.04494443869809933
0.04494443869809933
0.04494443869809933
0.04494443869809933
0.04494443869809933
0.04494443869809933
0.04494443869809933
0.04494443869809933
0.04494443869809933
0.04494443869809933
0.04494443869809933
0.04494443869809933
0.04494443869809933
0.04494443869809933
0.04494443869809933
0.04494443869809933
0.04494443869809933
0.04494443869809933
0.04494443869809933
0.24111991505250843
0.33659509941341254
0.33659509941341254
0.09980161504215566
0.062257506431344464
0.04494443869809933
0.04494443869809933
0.04494443869809933
0.04494443869809933
0.04494443869809933
0.24111991505250843
0.04494443869809933
0.33659509941341254
0.02582158125867306
0.04494443869809933
0.04494443869809933
0.04494443869809933
0.04494443869809933
0.04494443869809933
0.04494443869809933
0.04494443869809933
0.04494443869809933
0.04494443869809933
0.04494443869809933
0.04494443869809933
0.04494443869809933
0.04494443869809933
0.04494443869809933
0.04494443869809933
0.04494443869809933
0.04494443869809933
0.04494443869809933
0.04494443869809933
0.04494443869809933
0.04494443869809933
0.04494443869809933
0.04494443869809933
0.02582158125867306
0.04494443869809933
0.04494443869809933
0.04494443869809933
0.04494443869809933
0.04494443869809933
0.04494443869809933
0.04494443869809933
0.04494443869809933
0.04494443869809933
0.04494443869809933
0.04494443869809933
0.04494443869809933
0.04494443869809933
0.04494443869809933
0.04494443869809933
0.04494443869809933
0.19972028473544962
0.19972028473544962
0.04494443869809933
0.04494443869809933
0.04494443869809933
0.04494443869809933
0.04494443869809933
0.04494443869809933
0.04494443869809933
0.04494443869809933
0.04494443869809933
0.04494443869809933
0.04494443869809933
0.04494443869809933
0.04494443869809933
0.04494443869809933
0.04494443869809933
0.04494443869809933
0.04494443869809933
0.04494443869809933
0.04494443869809933
0.04494443869809933
0.04494443869809933
0.04494443869809933
0.04494442532053726
0.04494443869809933
0.04494443869809933
0.04494443869809933
0.04494443869809933
0.04494443869809933
0.04494443869809933
0.04494443869809933
0.04494443869809933
0.04494443869809933
0.04494443869809933
0.04494443869809933
0.04494443869809933
0.04494443869809933
0.04494443869809933
0.04494443869809933
0.04494443869809933
0.04494443869809933
0.04494443869809933
0.04229834009240404
0.04494443869809933
0.04494443869809933
0.04494443869809933
0.043606891037111295
0.04494443869809933
0.04494443869809933
0.04494442532053726
0.04494443869809933
0.04494443869809933
0.04494443869809933
0.04494443869809933
0.04494443869809933
0.04494443869809933
0.04494443869809933
0.04494443869809933
0.04494443869809933
0.04494443869809933
0.04494443869809933
0.04494443869809933
0.04494443869809933
0.04494443869809933
0.04494443869809933
0.04494443869809933
0.04494443869809933
0.04494443869809933
0.04494443869809933
0.04494443869809933
0.04494443869809933
0.04494443869809933
0.04494443869809933
0.04494443869809933
0.04494443869809933
0.04494443869809933
0.04494443869809933
0.04494443869809933
0.04494443869809933
0.04494443869809933
0.04494443869809933
0.04494443869809933
0.04494443869809933
0.04494443869809933
0.04494443869809933
0.04494443869809933
0.04494443869809933
0.04494443869809933
0.04494443869809933
0.04494443869809933
0.04494443869809933
0.04494443869809933
0.04494443869809933
0.04494443869809933
0.04494443869809933
0.04494443869809933
0.04494443869809933
0.04494443869809933
0.04494443869809933
0.04494443869809933
0.04494443869809933
0.04494443869809933
0.04494443869809933
0.04494443869809933
0.04494443869809933
0.04494443869809933
0.04494443869809933
0.04494443869809933
0.04494443869809933
0.04494443869809933
0.04494443869809933
0.04494443869809933
0.04494443869809933
0.04494443869809933
0.04494443869809933
0.04494443869809933
0.04494443869809933
0.04494443869809933
0.04494443869809933
0.04494443869809933
0.04494443869809933
0.04494443869809933
0.04494443869809933
0.04494443869809933
0.04494443869809933
0.04494443869809933
0.04494443869809933
0.04494443869809933
0.04494443869809933
0.04494443869809933
0.04494443869809933
0.04494443869809933
0.04494443869809933
0.04494443869809933
0.04494443869809933
0.04494443869809933
0.04494443869809933
0.04494443869809933
0.04494443869809933
0.04494443869809933
0.04494443869809933
0.04494443869809933
0.04494443869809933
0.04494443869809933
0.04494443869809933
0.04494443869809933
0.04494443869809933
0.04494443869809933
0.04494443869809933
0.04494443869809933
0.04494443869809933
0.04494443869809933
0.02582158125867306
0.04494443869809933
0.033702318298756945
0.033702318298756945
0.01792971337109354
0.01792971337109354
0.00968903507013
0.017562158174708128
0.04494432549909463
0.04494432549909463
0.044944342425580916
0.031790975797184005
0.04494443869809933
0.04494443869809933
0.04494443869809933
0.04494443869809933
0.04494443869809933
0.04494443869809933
0.04494443869809933
0.04494443869809933
0.04494443869809933
0.04494443869809933
0.04494443869809933
0.04494443869809933
0.04494443869809933
0.04494443869809933
0.04494443869809933
0.04494443869809933
0.04494443869809933
0.04494443869809933
0.04494443869809933
0.04494443869809933
0.04494443869809933
0.04494443869809933
0.04494443869809933
0.04494443869809933
0.04494443869809933
0.04494443869809933
0.04494443869809933
0.04494443869809933
0.04494443869809933
0.04494443869809933
0.04494443869809933
0.04494438215560239
0.04494439706780175
0.04494439706780175
0.044944389679178194
0.044944404323893544
0.04494443869809933
0.044944223436787896
0.044944280281070316
0.044944331536511936
0.04494443869809933
0.04494443869809933
0.04494443869809933
0.04494443869809933
0.04494443869809933
0.04494443869809933
0.04494443869809933
0.04494443869809933
0.04494443869809933
0.04494443869809933
0.04494443869809933
0.04494443869809933
0.04494443869809933
0.04494443869809933
0.04494443869809933
0.04494443869809933
0.04494443869809933
0.04494443869809933
0.04494443869809933
0.04494443869809933
0.04494443869809933
0.04494443869809933
0.04494443869809933
0.04494443869809933
0.04494443869809933
0.04494443869809933
0.04494443869809933
0.04494443869809933
0.04494443869809933
0.04494443869809933
0.04494443869809933
0.04494443869809933
0.04494443869809933
0.5011543505728165
0.005750979994724428
0.004627835137163414
0.008673649662893619
0.01042511757569639
0.04494443869809933
0.04494443869809933
0.04494443869809933
0.04494443869809933
0.04494443869809933
0.04494443869809933
0.04494443869809933
0.04494443869809933
0.04494443869809933
0.04494443869809933
0.04494443869809933
0.04494443869809933
0.04494443869809933
0.04494443869809933
0.04494443869809933
0.04494443869809933
0.04494443869809933
0.04494443869809933
0.04494443869809933
0.04494443869809933
0.04494443869809933
0.04494443869809933
0.04494443869809933
0.04494443869809933
0.04494443869809933
0.04494443869809933
0.04494443869809933
0.04494443869809933
0.04494443869809933
0.04494443869809933
0.04494443869809933
0.04494443869809933
0.04494443869809933
0.04494443869809933
0.04494443869809933
0.04494443869809933
0.04494443869809933
0.04494443869809933
0.04494443869809933
0.04494443869809933
0.04494443869809933
0.04494443869809933
0.04494443869809933
0.04494443869809933
0.04494443869809933
0.04494443869809933
0.04494443869809933
0.04494443869809933
0.04494443869809933
0.04494443869809933
0.04494443869809933
0.04494443869809933
0.04494443869809933
0.04494443869809933
0.04494443869809933
0.04494443869809933
0.04494443869809933
0.04494443869809933
0.04494443869809933
0.04494443869809933
0.04494443869809933
0.04494443869809933
0.04494443869809933
0.04494443869809933
0.04494443869809933
0.04494443869809933
0.04494443869809933
0.04494443869809933
0.04494443869809933
0.04494443869809933
0.04494443869809933
0.04494443869809933
0.04494443869809933
0.04494443869809933
0.04494443869809933
0.04494443869809933
0.04494443869809933
0.04494443869809933
0.04494443869809933
0.04494443869809933
0.04494443869809933
0.04494443869809933
0.04494443869809933
0.04494443869809933
0.04494443869809933
0.04494443869809933
0.04494443869809933
0.04494443869809933
0.04494443869809933
0.04494443869809933
0.04494443869809933
0.04494443869809933
0.04494443869809933
0.04494443869809933
0.04494443869809933
0.04494443869809933
0.04494443869809933
0.04494443869809933
0.04494443869809933
0.04494443869809933
0.04494443869809933
0.04494443869809933
0.04494443869809933
0.04494443869809933
0.04494443869809933
0.04494443869809933
0.04494443869809933
0.04494443869809933
0.04494443869809933
0.04494443869809933
0.04494443869809933
0.04494443869809933
0.04494443869809933
0.04494443869809933
0.04494443869809933
0.04494443869809933
0.04494443869809933
0.04494443869809933
0.04494443869809933
0.04494443869809933
0.04494443869809933
0.04494443869809933
0.04494443869809933
0.04494443869809933
0.04494443869809933
0.04494443869809933
0.04494443869809933
0.04494443869809933
0.04494443869809933
0.04494443869809933
0.04494443869809933
0.04494443869809933
0.04494443869809933
0.04494443869809933
0.04494443869809933
0.04494443869809933
0.04494443869809933
0.04494443869809933
0.04494443869809933
0.04494443869809933
0.2051169365221797
0.8641038857185201
0.7241994819642912
0.506180451002731
0.5003718345519476
0.5006584519183773
0.003680599661077496
0.007257216964547577
0.007257216964547577
0.009375067246877197
0.009375067246877197
0.009375067246877197
0.009375069638524247
0.012029902809160093
0.012029902809160093
0.012029905721692578
0.015321498789001875
0.015321498789001875
0.015321502306805663
0.019355068330568586
0.01935507254141487
0.01935507254141487
0.024237163703946747
0.024237163703946747
0.024237163703946747
0.03007043379442721
0.03007043379442721
0.03007043379442721
0.03694751558739827
0.03694751558739827
0.03694751558739827
0.04494443869809933
0.04494443869809933
0.04494443869809933
0.04494443869809933
0.04494443869809933
0.04494443869809933
0.04494443869809933
0.04494443869809933
0.04494443869809933
0.04494443869809933
0.04494443869809933
0.04494443869809933
0.04494443869809933
0.04494443869809933
0.04494443869809933
0.04494443869809933
0.04494443869809933
0.04494443869809933
0.04494443869809933
0.04494443869809933
0.04494443869809933
0.04494443869809933
0.04494443869809933
0.04494443869809933
0.04494443869809933
0.04494443869809933
0.04494443869809933
0.04494443869809933
0.04494443869809933
0.04494443869809933
0.04494443869809933
0.04494443869809933
0.04494443869809933
0.04494443869809933
0.04494443869809933
0.04494443869809933
0.04494443869809933
0.04494443869809933
0.04494443869809933
0.04494443869809933
0.04494443869809933
0.04494443869809933
0.15850298715922226
0.24443563006493105
0.036183600668540296
0.04494443869809933
0.04494443869809933
0.04494443869809933
0.04494443869809933
0.04494443869809933
0.04494443869809933
0.04494443869809933
0.04494443869809933
0.04494443869809933
0.04494443869809933
0.04494443869809933
0.04494443869809933
0.04494443869809933
0.018455538379265016
0.006517359698024436
0.018455538379265016
0.018455538379265016
0.04494443869809933
0.04494443869809933
0.04494443869809933
0.04494443869809933
0.04494443869809933
0.04494443869809933
0.04494443869809933
0.04494443869809933
0.04494443869809933
0.04494443869809933
0.04494443869809933
0.5006505392396117
0.04494443869809933
0.5000772387241365
0.5000029149262853
0.04494443869809933
0.04494443869809933
0.04494443869809933
0.04494443869809933
0.04494443869809933
0.04494443869809933
0.04494443869809933
0.04494443869809933
0.04494443869809933
0.04494443869809933
0.04494443869809933
0.04494443869809933
0.04494443869809933
0.04494443869809933
0.04494443869809933
0.04494443869809933
0.04494443869809933
0.04494443869809933
0.04494443869809933
0.04494443869809933
0.04494443869809933
0.04494443869809933
0.04494443869809933
0.04494443869809933
0.04494443869809933
0.04494443869809933
0.04494443869809933
0.04494443869809933
0.04494443869809933
0.04494443869809933
0.04494443869809933
0.04494443869809933
0.04494443869809933
0.04494443869809933
0.04494443869809933
0.04494443869809933
0.04494443869809933
0.04494443869809933
0.04494443869809933
0.04494443869809933
0.04494443869809933
0.04494443869809933
0.04494443869809933
0.04494443869809933
0.04494443869809933
0.04494443869809933
0.04494443869809933
0.04494443869809933
0.04494443869809933
0.04494443869809933
0.04494443869809933
0.04494443869809933
0.04494443869809933
0.04494443869809933
0.04494443869809933
0.04494443869809933
0.04494443869809933
0.04494443869809933
0.04494443869809933
0.04494443869809933
0.04494443869809933
0.04494443869809933
0.04494443869809933
0.04494443869809933
0.04494443869809933
0.04494443869809933
0.04494443869809933
0.04494443869809933
0.04494443869809933
0.04494443869809933
0.04494443869809933
0.04494443869809933
0.04494443869809933
0.04494443869809933
0.04494443869809933
0.04494443869809933
0.04494443869809933
0.04494443869809933
0.04494443869809933
0.04494443869809933
0.04494443869809933
0.04494443869809933
0.04494443869809933
0.04494443869809933
0.04494443869809933
0.04494443869809933
0.04494443869809933
0.04494443869809933
0.04494443869809933
0.04494443869809933
0.04494443869809933
0.04494443869809933
0.04494443869809933
0.04494443869809933
0.04494443869809933
0.04494443869809933
0.04494443869809933
0.04494443869809933
0.04494443869809933
0.04494443869809933
0.04494443869809933
0.04494443869809933
0.04494443869809933
0.04494443869809933
0.04494443869809933
0.04494443869809933
0.04494443869809933
0.04494443869809933
0.04494443869809933
0.04494443869809933
0.04494443869809933
0.04494443869809933
0.04494443869809933
0.04494443869809933
0.04494443869809933
0.04494443869809933
0.04494443869809933
0.04494443869809933
0.04494443869809933
0.04494443869809933
0.04494443869809933
0.04494443869809933
0.04494443869809933
0.04494443869809933
0.04494443869809933
0.04494443869809933
0.04494443869809933
0.04494443869809933
0.04494443869809933
0.04494443869809933
0.04494443869809933
0.04494443869809933
0.04494443869809933
0.04494443869809933
0.04494443869809933
0.04494443869809933
0.04494443869809933
0.04494443869809933
0.04494443869809933
0.04494443869809933
0.04494443869809933
0.04494443869809933
0.04494443869809933
0.04494443869809933
0.04494443869809933
0.04494443869809933
0.12928157343591373
0.04494443869809933
0.02582158125867306
0.07499607311402218
0.031790975797184005
0.033933084348084286
0.04494443869809933
0.04494443869809933
0.04494443869809933
0.04494443869809933
0.04494443869809933
0.04494443869809933
0.04494443869809933
0.04494443869809933
0.04494443869809933
0.04494443869809933
0.04494443869809933
0.04494443869809933
0.04494443869809933
0.04494443869809933
0.04494443869809933
0.04494443869809933
0.04494443869809933
0.04494443869809933
0.04494443869809933
0.04494443869809933
0.04494443869809933
0.04494443869809933
0.04494443869809933
0.04494443869809933
0.04494443869809933
0.04494443869809933
0.04494443206985075
0.04494443869809933
0.04494442532053726
0.04494443869809933
0.0417791778502027
0.035914097457864565
0.47174108131873166
0.47174108131873166
0.5000299643141135
0.4832524961455173
0.4999952948248066
0.04494443869809933
0.04494443869809933
0.04494443869809933
0.04494443869809933
0.04494443869809933
0.04494443869809933
0.04494443869809933
0.04494443869809933
0.04494443869809933
0.04494443869809933
0.04494443869809933
0.04494443869809933
0.04494443869809933
0.04494443869809933
0.04494443869809933
0.04494443869809933
0.04494443869809933
0.04494443869809933
0.04494443869809933
0.04494443869809933
0.04494443869809933
0.04494443869809933
0.04494443869809933
0.04494443869809933
0.04494443869809933
0.04494443869809933
0.04494443869809933
0.04494443869809933
0.04494443869809933
0.04494443869809933
0.04494443869809933
0.04494443869809933
0.04494443869809933
0.04494443869809933
0.04494443869809933
0.04494443869809933
0.5006445908045789
0.5006445908045789
0.004627835137163414
0.004029818822859339
0.004029818822859339
0.004900405075773307
0.04494412634037371
0.04494412634037371
0.04494412634037371
0.0059448488597789555
0.012484034290339304
0.017685953032530944
0.028831852503186296
0.03360333857279534
0.04494443869809933
0.04494443869809933
0.04494443869809933
0.04494443869809933
0.04494443869809933
0.04494443869809933
0.04494443869809933
0.04494443869809933
0.04494443869809933
0.04494443869809933
0.006517359698024436
0.0020922086460593336
0.0020922086460593336
0.0020922086460593336
0.006517359698024436
0.04494443869809933
0.04494443869809933
0.04494443869809933
0.04494443869809933
0.5000024288675736
0.5000103296867016
0.5000069155322298
0.4999963172772599
0.04494443869809933
0.04494443869809933
0.04494443869809933
0.04494443869809933
0.04494443869809933
0.04494443869809933
0.04494443869809933
0.04494443869809933
0.04494443869809933
0.04494443869809933
0.04494443869809933
0.04494443869809933
0.04494443869809933
0.04494443869809933
0.04494443869809933
0.04494443869809933
0.04494443869809933
0.04494443869809933
0.04494443869809933
0.04494443869809933
0.04494443869809933
0.04494443869809933
0.04494443869809933
0.04494443869809933
0.04494443869809933
0.04494443869809933
0.04494443869809933
0.04494443869809933
0.04494443869809933
0.0417791778502027
0.035914097457864565
0.4667882504820393
0.469338925174926
0.0017895025952405126
0.5000343827780219
0.48325245211132567
0.4999770454698539
0.5000026992364365
0.04494443869809933
0.04494443869809933
0.04494443869809933
0.04494443869809933
0.04494443869809933
0.04494443869809933
0.04494443869809933
0.04494443869809933
0.04494443869809933
0.04494443869809933
0.04494443869809933
0.04494443869809933
0.04494443869809933
0.04494443869809933
0.04494443869809933
0.04494443869809933
0.04494443869809933
0.04494443869809933
0.04494443869809933
0.04494443869809933
0.04494443869809933
0.04494443869809933
0.04494443869809933
0.04494443869809933
0.04494443869809933
0.04494443869809933
0.04494443869809933
0.04494443869809933
0.04494443869809933
0.04494443869809933
0.04494443869809933
0.04494443869809933
0.04494443869809933
0.04494443869809933
0.04494443869809933
0.04494443869809933
0.04494443869809933
0.04494443869809933
0.04494443869809933
0.04494443869809933
0.04494443869809933
0.04494443869809933
0.04494443869809933
0.04494443869809933
0.04494443869809933
0.04494443869809933
0.04494443869809933
0.04494443869809933
0.04494443869809933
0.04494443869809933
0.04494443869809933
0.04494443869809933
0.04494443869809933
0.04494443869809933
0.04494443869809933
0.04494443869809933
0.04494443869809933
0.04494443869809933
0.04494443869809933
0.04494443869809933
0.04494443869809933
0.04494443869809933
0.04494443869809933
0.04494443869809933
0.04494443869809933
0.04494443869809933
0.04494443869809933
0.04494443869809933
0.04494443869809933
0.04494443869809933
0.04494443869809933
0.04494443869809933
0.04494443869809933
0.04494443869809933
0.04494443869809933
0.04494443869809933
0.04494443869809933
0.04494443869809933
0.04494443869809933
0.07140353443077205
0.1459373237839583
0.1459373237839583
0.1459373237839583
0.1459373237839583
0.1056201530940253
0.04494443869809933
0.04494443869809933
0.04494443869809933
0.04494443869809933
0.04494443869809933
0.04494443869809933
0.04494443869809933
0.04494443869809933
0.04494443869809933
0.04494443869809933
0.04494443869809933
0.04494443869809933
0.04494443869809933
0.04494443869809933
0.04494443869809933
0.04494443869809933
0.04494443869809933
0.04494443869809933
0.04494443869809933
0.04494443869809933
0.04494443869809933
0.04494443869809933
0.04494443869809933
0.04494443869809933
0.04494443869809933
0.04494443869809933
0.04494443869809933
0.04494443869809933
0.04494443869809933
0.04494443869809933
0.04494443869809933
0.04494443869809933
0.04494443869809933
0.04494443869809933
0.04494443869809933
0.04494443869809933
0.04494443869809933
0.04494443869809933
0.04494443869809933
0.04494443869809933
0.25451726921722534
0.08964346924842118
0.017317642476343254
0.01382533991950396
0.00039790868315297607
0.0020909943438215096
0.005685599612379739
0.41017975469734524
0.33864271417647446
0.33864271417647446
0.34725988892885823
0.247370310066995
0.247370310066995
0.13214840731752872
0.13214840731752872
0.14396536191718284
0.14396536191718284
0.052927507048387466
0.052927513211460664
0.052927513211460664
0.06038180973227208
0.06038180973227208
0.014687115177899059
0.014687115177899059
0.014687115177899059
0.017508571323564842
0.017508571323564842
0.017508571323564842
0.017508571323564842
0.02076893074597864
0.020768933001324714
0.020768933001324714
0.020768933001324714
0.020768935228740588
0.02450863006547808
0.02450863006547808
0.02450863006547808
0.02450863006547808
0.02450863006547808
0.028765429851220495
0.028765429851220495
0.028765429851220495
0.028765429851220495
0.028765429851220495
0.033572935455132555
0.033572935455132555
0.033572935455132555
0.033572935455132555
0.033572935455132555
0.03895903861174929
0.03895903861174929
0.03895903861174929
0.03895903861174929
0.03895903861174929
0.04494443869809933
0.0417791778502027
0.0417791778502027
0.04494443869809933
0.1459373237839583
0.2664545896241398
0.2664545896241398
0.47174108131873166
0.47611352918038474
0.47993780832144595
0.48165623500390914
0.5000031785718271
0.04494443869809933
0.04494443869809933
0.04494443869809933
0.04494443869809933
0.04494443869809933
0.04494443869809933
0.04494443869809933
0.04494443869809933
0.04494443869809933
0.04494443869809933
0.04494443869809933
0.04494443869809933
0.04494443869809933
0.04494443869809933
0.04494443869809933
0.04494443869809933
0.04494443869809933
0.04494443869809933
0.04494443869809933
0.04494443869809933
0.04494443869809933
0.04494443869809933
0.04494443869809933
0.04494443869809933
0.04494443869809933
0.04494443869809933
0.04494443869809933
0.04494443869809933
0.04494443869809933
0.04494443869809933
0.04494443869809933
0.04494443869809933
0.04494443869809933
0.04494443869809933
0.04494443869809933
0.04494443869809933
0.04494443869809933
0.04494443869809933
0.04494443869809933
0.04494443869809933
0.04494443869809933
0.04494443869809933
0.04494443869809933
0.04494443869809933
0.04494443869809933
0.04494443869809933
0.04494443869809933
0.04494443869809933
0.04494443869809933
0.04494443869809933
0.04494443869809933
0.04494443869809933
0.04494443869809933
0.04494443869809933
0.04494443869809933
0.04494443869809933
0.04494443869809933
0.04494443869809933
0.04494443869809933
0.04494443869809933
0.04494443869809933
0.04494443869809933
0.04494443869809933
0.04494443869809933
0.04494443869809933
0.04494443869809933
0.04494443869809933
0.04494443869809933
0.04494443869809933
